eCM, nPile, seed, R
7000, 2, 27726, 0.4
7000, 2, 27726, 0.5
7000, 2, 27726, 0.6
7000, 3, 15690, 0.4
7000, 3, 15690, 0.5
7000, 3, 15690, 0.6
7000, 4, 5236, 0.4
7000, 4, 5236, 0.5
7000, 4, 5236, 0.6
7000, 5, 27567, 0.4
7000, 5, 27567, 0.5
7000, 5, 27567, 0.6
7000, 6, 20281, 0.4
7000, 6, 20281, 0.5
7000, 6, 20281, 0.6
7000, 7, 21781, 0.4
7000, 7, 21781, 0.5
7000, 7, 21781, 0.6
7000, 8, 31908, 0.4
7000, 8, 31908, 0.5
7000, 8, 31908, 0.6
7000, 9, 18483, 0.4
7000, 9, 18483, 0.5
7000, 9, 18483, 0.6
7000, 10, 24412, 0.4
7000, 10, 24412, 0.5
7000, 10, 24412, 0.6
7000, 11, 11940, 0.4
7000, 11, 11940, 0.5
7000, 11, 11940, 0.6
7000, 12, 13132, 0.4
7000, 12, 13132, 0.5
7000, 12, 13132, 0.6
7000, 13, 7828, 0.4
7000, 13, 7828, 0.5
7000, 13, 7828, 0.6
7000, 14, 19907, 0.4
7000, 14, 19907, 0.5
7000, 14, 19907, 0.6
7000, 15, 1824, 0.4
7000, 15, 1824, 0.5
7000, 15, 1824, 0.6
7000, 16, 8500, 0.4
7000, 16, 8500, 0.5
7000, 16, 8500, 0.6
7000, 17, 2093, 0.4
7000, 17, 2093, 0.5
7000, 17, 2093, 0.6
7000, 18, 590, 0.4
7000, 18, 590, 0.5
7000, 18, 590, 0.6
7000, 19, 8825, 0.4
7000, 19, 8825, 0.5
7000, 19, 8825, 0.6
7000, 20, 3019, 0.4
7000, 20, 3019, 0.5
7000, 20, 3019, 0.6
7000, 21, 27716, 0.4
7000, 21, 27716, 0.5
7000, 21, 27716, 0.6
7000, 22, 9390, 0.4
7000, 22, 9390, 0.5
7000, 22, 9390, 0.6
7000, 23, 29932, 0.4
7000, 23, 29932, 0.5
7000, 23, 29932, 0.6
7000, 24, 27746, 0.4
7000, 24, 27746, 0.5
7000, 24, 27746, 0.6
7000, 25, 29598, 0.4
7000, 25, 29598, 0.5
7000, 25, 29598, 0.6
7000, 26, 11915, 0.4
7000, 26, 11915, 0.5
7000, 26, 11915, 0.6
7000, 27, 21687, 0.4
7000, 27, 21687, 0.5
7000, 27, 21687, 0.6
7000, 28, 23176, 0.4
7000, 28, 23176, 0.5
7000, 28, 23176, 0.6
7000, 29, 27755, 0.4
7000, 29, 27755, 0.5
7000, 29, 27755, 0.6
7000, 30, 2312, 0.4
7000, 30, 2312, 0.5
7000, 30, 2312, 0.6
7000, 31, 5181, 0.4
7000, 31, 5181, 0.5
7000, 31, 5181, 0.6
7000, 32, 2363, 0.4
7000, 32, 2363, 0.5
7000, 32, 2363, 0.6
7000, 33, 22426, 0.4
7000, 33, 22426, 0.5
7000, 33, 22426, 0.6
7000, 34, 29004, 0.4
7000, 34, 29004, 0.5
7000, 34, 29004, 0.6
7000, 35, 1623, 0.4
7000, 35, 1623, 0.5
7000, 35, 1623, 0.6
7000, 36, 31388, 0.4
7000, 36, 31388, 0.5
7000, 36, 31388, 0.6
7000, 37, 16025, 0.4
7000, 37, 16025, 0.5
7000, 37, 16025, 0.6
7000, 38, 31533, 0.4
7000, 38, 31533, 0.5
7000, 38, 31533, 0.6
7000, 39, 28729, 0.4
7000, 39, 28729, 0.5
7000, 39, 28729, 0.6
7000, 40, 565, 0.4
7000, 40, 565, 0.5
7000, 40, 565, 0.6
7000, 41, 2428, 0.4
7000, 41, 2428, 0.5
7000, 41, 2428, 0.6
7000, 42, 25426, 0.4
7000, 42, 25426, 0.5
7000, 42, 25426, 0.6
7000, 43, 17676, 0.4
7000, 43, 17676, 0.5
7000, 43, 17676, 0.6
7000, 44, 17698, 0.4
7000, 44, 17698, 0.5
7000, 44, 17698, 0.6
7000, 45, 31112, 0.4
7000, 45, 31112, 0.5
7000, 45, 31112, 0.6
7000, 46, 10338, 0.4
7000, 46, 10338, 0.5
7000, 46, 10338, 0.6
7000, 47, 26917, 0.4
7000, 47, 26917, 0.5
7000, 47, 26917, 0.6
7000, 48, 15976, 0.4
7000, 48, 15976, 0.5
7000, 48, 15976, 0.6
7000, 49, 31440, 0.4
7000, 49, 31440, 0.5
7000, 49, 31440, 0.6
7000, 50, 9464, 0.4
7000, 50, 9464, 0.5
7000, 50, 9464, 0.6
14000, 2, 16216, 0.4
14000, 2, 16216, 0.5
14000, 2, 16216, 0.6
14000, 3, 20496, 0.4
14000, 3, 20496, 0.5
14000, 3, 20496, 0.6
14000, 4, 2539, 0.4
14000, 4, 2539, 0.5
14000, 4, 2539, 0.6
14000, 5, 19579, 0.4
14000, 5, 19579, 0.5
14000, 5, 19579, 0.6
14000, 6, 17304, 0.4
14000, 6, 17304, 0.5
14000, 6, 17304, 0.6
14000, 7, 31073, 0.4
14000, 7, 31073, 0.5
14000, 7, 31073, 0.6
14000, 8, 6600, 0.4
14000, 8, 6600, 0.5
14000, 8, 6600, 0.6
14000, 9, 27493, 0.4
14000, 9, 27493, 0.5
14000, 9, 27493, 0.6
14000, 10, 27922, 0.4
14000, 10, 27922, 0.5
14000, 10, 27922, 0.6
14000, 11, 4927, 0.4
14000, 11, 4927, 0.5
14000, 11, 4927, 0.6
14000, 12, 25437, 0.4
14000, 12, 25437, 0.5
14000, 12, 25437, 0.6
14000, 13, 9323, 0.4
14000, 13, 9323, 0.5
14000, 13, 9323, 0.6
14000, 14, 7247, 0.4
14000, 14, 7247, 0.5
14000, 14, 7247, 0.6
14000, 15, 20877, 0.4
14000, 15, 20877, 0.5
14000, 15, 20877, 0.6
14000, 16, 22955, 0.4
14000, 16, 22955, 0.5
14000, 16, 22955, 0.6
14000, 17, 6615, 0.4
14000, 17, 6615, 0.5
14000, 17, 6615, 0.6
14000, 18, 13748, 0.4
14000, 18, 13748, 0.5
14000, 18, 13748, 0.6
14000, 19, 29714, 0.4
14000, 19, 29714, 0.5
14000, 19, 29714, 0.6
14000, 20, 5039, 0.4
14000, 20, 5039, 0.5
14000, 20, 5039, 0.6
14000, 21, 8156, 0.4
14000, 21, 8156, 0.5
14000, 21, 8156, 0.6
14000, 22, 25239, 0.4
14000, 22, 25239, 0.5
14000, 22, 25239, 0.6
14000, 23, 22298, 0.4
14000, 23, 22298, 0.5
14000, 23, 22298, 0.6
14000, 24, 17528, 0.4
14000, 24, 17528, 0.5
14000, 24, 17528, 0.6
14000, 25, 19588, 0.4
14000, 25, 19588, 0.5
14000, 25, 19588, 0.6
14000, 26, 7481, 0.4
14000, 26, 7481, 0.5
14000, 26, 7481, 0.6
14000, 27, 22182, 0.4
14000, 27, 22182, 0.5
14000, 27, 22182, 0.6
14000, 28, 26232, 0.4
14000, 28, 26232, 0.5
14000, 28, 26232, 0.6
14000, 29, 4528, 0.4
14000, 29, 4528, 0.5
14000, 29, 4528, 0.6
14000, 30, 4670, 0.4
14000, 30, 4670, 0.5
14000, 30, 4670, 0.6
14000, 31, 30677, 0.4
14000, 31, 30677, 0.5
14000, 31, 30677, 0.6
14000, 32, 1052, 0.4
14000, 32, 1052, 0.5
14000, 32, 1052, 0.6
14000, 33, 10337, 0.4
14000, 33, 10337, 0.5
14000, 33, 10337, 0.6
14000, 34, 16664, 0.4
14000, 34, 16664, 0.5
14000, 34, 16664, 0.6
14000, 35, 19883, 0.4
14000, 35, 19883, 0.5
14000, 35, 19883, 0.6
14000, 36, 28138, 0.4
14000, 36, 28138, 0.5
14000, 36, 28138, 0.6
14000, 37, 14960, 0.4
14000, 37, 14960, 0.5
14000, 37, 14960, 0.6
14000, 38, 15097, 0.4
14000, 38, 15097, 0.5
14000, 38, 15097, 0.6
14000, 39, 20880, 0.4
14000, 39, 20880, 0.5
14000, 39, 20880, 0.6
14000, 40, 7658, 0.4
14000, 40, 7658, 0.5
14000, 40, 7658, 0.6
14000, 41, 19206, 0.4
14000, 41, 19206, 0.5
14000, 41, 19206, 0.6
14000, 42, 8447, 0.4
14000, 42, 8447, 0.5
14000, 42, 8447, 0.6
14000, 43, 30353, 0.4
14000, 43, 30353, 0.5
14000, 43, 30353, 0.6
14000, 44, 25833, 0.4
14000, 44, 25833, 0.5
14000, 44, 25833, 0.6
14000, 45, 18758, 0.4
14000, 45, 18758, 0.5
14000, 45, 18758, 0.6
14000, 46, 28101, 0.4
14000, 46, 28101, 0.5
14000, 46, 28101, 0.6
14000, 47, 31372, 0.4
14000, 47, 31372, 0.5
14000, 47, 31372, 0.6
14000, 48, 12455, 0.4
14000, 48, 12455, 0.5
14000, 48, 12455, 0.6
14000, 49, 28534, 0.4
14000, 49, 28534, 0.5
14000, 49, 28534, 0.6
14000, 50, 21915, 0.4
14000, 50, 21915, 0.5
14000, 50, 21915, 0.6
