eCM, nPile, seed, R
7000, 2, 27802, 0.4
7000, 2, 27802, 0.5
7000, 2, 27802, 0.6
7000, 3, 10850, 0.4
7000, 3, 10850, 0.5
7000, 3, 10850, 0.6
7000, 4, 10080, 0.4
7000, 4, 10080, 0.5
7000, 4, 10080, 0.6
7000, 5, 23558, 0.4
7000, 5, 23558, 0.5
7000, 5, 23558, 0.6
7000, 6, 12403, 0.4
7000, 6, 12403, 0.5
7000, 6, 12403, 0.6
7000, 7, 11157, 0.4
7000, 7, 11157, 0.5
7000, 7, 11157, 0.6
7000, 8, 8040, 0.4
7000, 8, 8040, 0.5
7000, 8, 8040, 0.6
7000, 9, 3846, 0.4
7000, 9, 3846, 0.5
7000, 9, 3846, 0.6
7000, 10, 30275, 0.4
7000, 10, 30275, 0.5
7000, 10, 30275, 0.6
7000, 11, 18591, 0.4
7000, 11, 18591, 0.5
7000, 11, 18591, 0.6
7000, 12, 25587, 0.4
7000, 12, 25587, 0.5
7000, 12, 25587, 0.6
7000, 13, 5411, 0.4
7000, 13, 5411, 0.5
7000, 13, 5411, 0.6
7000, 14, 28712, 0.4
7000, 14, 28712, 0.5
7000, 14, 28712, 0.6
7000, 15, 1381, 0.4
7000, 15, 1381, 0.5
7000, 15, 1381, 0.6
7000, 16, 27102, 0.4
7000, 16, 27102, 0.5
7000, 16, 27102, 0.6
7000, 17, 15813, 0.4
7000, 17, 15813, 0.5
7000, 17, 15813, 0.6
7000, 18, 1127, 0.4
7000, 18, 1127, 0.5
7000, 18, 1127, 0.6
7000, 19, 12826, 0.4
7000, 19, 12826, 0.5
7000, 19, 12826, 0.6
7000, 20, 936, 0.4
7000, 20, 936, 0.5
7000, 20, 936, 0.6
7000, 21, 23781, 0.4
7000, 21, 23781, 0.5
7000, 21, 23781, 0.6
7000, 22, 24109, 0.4
7000, 22, 24109, 0.5
7000, 22, 24109, 0.6
7000, 23, 11526, 0.4
7000, 23, 11526, 0.5
7000, 23, 11526, 0.6
7000, 24, 16834, 0.4
7000, 24, 16834, 0.5
7000, 24, 16834, 0.6
7000, 25, 22738, 0.4
7000, 25, 22738, 0.5
7000, 25, 22738, 0.6
7000, 26, 25716, 0.4
7000, 26, 25716, 0.5
7000, 26, 25716, 0.6
7000, 27, 11164, 0.4
7000, 27, 11164, 0.5
7000, 27, 11164, 0.6
7000, 28, 21149, 0.4
7000, 28, 21149, 0.5
7000, 28, 21149, 0.6
7000, 29, 4291, 0.4
7000, 29, 4291, 0.5
7000, 29, 4291, 0.6
7000, 30, 19296, 0.4
7000, 30, 19296, 0.5
7000, 30, 19296, 0.6
7000, 31, 20098, 0.4
7000, 31, 20098, 0.5
7000, 31, 20098, 0.6
7000, 32, 3733, 0.4
7000, 32, 3733, 0.5
7000, 32, 3733, 0.6
7000, 33, 11669, 0.4
7000, 33, 11669, 0.5
7000, 33, 11669, 0.6
7000, 34, 27695, 0.4
7000, 34, 27695, 0.5
7000, 34, 27695, 0.6
7000, 35, 22021, 0.4
7000, 35, 22021, 0.5
7000, 35, 22021, 0.6
7000, 36, 32737, 0.4
7000, 36, 32737, 0.5
7000, 36, 32737, 0.6
7000, 37, 19494, 0.4
7000, 37, 19494, 0.5
7000, 37, 19494, 0.6
7000, 38, 29816, 0.4
7000, 38, 29816, 0.5
7000, 38, 29816, 0.6
7000, 39, 19702, 0.4
7000, 39, 19702, 0.5
7000, 39, 19702, 0.6
7000, 40, 31182, 0.4
7000, 40, 31182, 0.5
7000, 40, 31182, 0.6
7000, 41, 5383, 0.4
7000, 41, 5383, 0.5
7000, 41, 5383, 0.6
7000, 42, 16435, 0.4
7000, 42, 16435, 0.5
7000, 42, 16435, 0.6
7000, 43, 8007, 0.4
7000, 43, 8007, 0.5
7000, 43, 8007, 0.6
7000, 44, 10153, 0.4
7000, 44, 10153, 0.5
7000, 44, 10153, 0.6
7000, 45, 2573, 0.4
7000, 45, 2573, 0.5
7000, 45, 2573, 0.6
7000, 46, 3712, 0.4
7000, 46, 3712, 0.5
7000, 46, 3712, 0.6
7000, 47, 4872, 0.4
7000, 47, 4872, 0.5
7000, 47, 4872, 0.6
7000, 48, 13671, 0.4
7000, 48, 13671, 0.5
7000, 48, 13671, 0.6
7000, 49, 9653, 0.4
7000, 49, 9653, 0.5
7000, 49, 9653, 0.6
7000, 50, 13882, 0.4
7000, 50, 13882, 0.5
7000, 50, 13882, 0.6
14000, 2, 19112, 0.4
14000, 2, 19112, 0.5
14000, 2, 19112, 0.6
14000, 3, 5423, 0.4
14000, 3, 5423, 0.5
14000, 3, 5423, 0.6
14000, 4, 7877, 0.4
14000, 4, 7877, 0.5
14000, 4, 7877, 0.6
14000, 5, 29111, 0.4
14000, 5, 29111, 0.5
14000, 5, 29111, 0.6
14000, 6, 30086, 0.4
14000, 6, 30086, 0.5
14000, 6, 30086, 0.6
14000, 7, 30397, 0.4
14000, 7, 30397, 0.5
14000, 7, 30397, 0.6
14000, 8, 14233, 0.4
14000, 8, 14233, 0.5
14000, 8, 14233, 0.6
14000, 9, 28537, 0.4
14000, 9, 28537, 0.5
14000, 9, 28537, 0.6
14000, 10, 12885, 0.4
14000, 10, 12885, 0.5
14000, 10, 12885, 0.6
14000, 11, 16557, 0.4
14000, 11, 16557, 0.5
14000, 11, 16557, 0.6
14000, 12, 18110, 0.4
14000, 12, 18110, 0.5
14000, 12, 18110, 0.6
14000, 13, 14527, 0.4
14000, 13, 14527, 0.5
14000, 13, 14527, 0.6
14000, 14, 21793, 0.4
14000, 14, 21793, 0.5
14000, 14, 21793, 0.6
14000, 15, 17826, 0.4
14000, 15, 17826, 0.5
14000, 15, 17826, 0.6
14000, 16, 17603, 0.4
14000, 16, 17603, 0.5
14000, 16, 17603, 0.6
14000, 17, 13532, 0.4
14000, 17, 13532, 0.5
14000, 17, 13532, 0.6
14000, 18, 4919, 0.4
14000, 18, 4919, 0.5
14000, 18, 4919, 0.6
14000, 19, 16272, 0.4
14000, 19, 16272, 0.5
14000, 19, 16272, 0.6
14000, 20, 15592, 0.4
14000, 20, 15592, 0.5
14000, 20, 15592, 0.6
14000, 21, 18443, 0.4
14000, 21, 18443, 0.5
14000, 21, 18443, 0.6
14000, 22, 32292, 0.4
14000, 22, 32292, 0.5
14000, 22, 32292, 0.6
14000, 23, 19402, 0.4
14000, 23, 19402, 0.5
14000, 23, 19402, 0.6
14000, 24, 24577, 0.4
14000, 24, 24577, 0.5
14000, 24, 24577, 0.6
14000, 25, 395, 0.4
14000, 25, 395, 0.5
14000, 25, 395, 0.6
14000, 26, 10279, 0.4
14000, 26, 10279, 0.5
14000, 26, 10279, 0.6
14000, 27, 16390, 0.4
14000, 27, 16390, 0.5
14000, 27, 16390, 0.6
14000, 28, 4346, 0.4
14000, 28, 4346, 0.5
14000, 28, 4346, 0.6
14000, 29, 10787, 0.4
14000, 29, 10787, 0.5
14000, 29, 10787, 0.6
14000, 30, 7398, 0.4
14000, 30, 7398, 0.5
14000, 30, 7398, 0.6
14000, 31, 24730, 0.4
14000, 31, 24730, 0.5
14000, 31, 24730, 0.6
14000, 32, 17386, 0.4
14000, 32, 17386, 0.5
14000, 32, 17386, 0.6
14000, 33, 26294, 0.4
14000, 33, 26294, 0.5
14000, 33, 26294, 0.6
14000, 34, 23600, 0.4
14000, 34, 23600, 0.5
14000, 34, 23600, 0.6
14000, 35, 5991, 0.4
14000, 35, 5991, 0.5
14000, 35, 5991, 0.6
14000, 36, 17663, 0.4
14000, 36, 17663, 0.5
14000, 36, 17663, 0.6
14000, 37, 31530, 0.4
14000, 37, 31530, 0.5
14000, 37, 31530, 0.6
14000, 38, 19512, 0.4
14000, 38, 19512, 0.5
14000, 38, 19512, 0.6
14000, 39, 5790, 0.4
14000, 39, 5790, 0.5
14000, 39, 5790, 0.6
14000, 40, 12883, 0.4
14000, 40, 12883, 0.5
14000, 40, 12883, 0.6
14000, 41, 13465, 0.4
14000, 41, 13465, 0.5
14000, 41, 13465, 0.6
14000, 42, 602, 0.4
14000, 42, 602, 0.5
14000, 42, 602, 0.6
14000, 43, 13695, 0.4
14000, 43, 13695, 0.5
14000, 43, 13695, 0.6
14000, 44, 32541, 0.4
14000, 44, 32541, 0.5
14000, 44, 32541, 0.6
14000, 45, 9814, 0.4
14000, 45, 9814, 0.5
14000, 45, 9814, 0.6
14000, 46, 4295, 0.4
14000, 46, 4295, 0.5
14000, 46, 4295, 0.6
14000, 47, 10008, 0.4
14000, 47, 10008, 0.5
14000, 47, 10008, 0.6
14000, 48, 17477, 0.4
14000, 48, 17477, 0.5
14000, 48, 17477, 0.6
14000, 49, 16975, 0.4
14000, 49, 16975, 0.5
14000, 49, 16975, 0.6
14000, 50, 5645, 0.4
14000, 50, 5645, 0.5
14000, 50, 5645, 0.6
