eCM, nPile, seed, R
7000, 2, 21, 0.4
7000, 2, 21, 0.5
7000, 2, 21, 0.6
7000, 3, 13034, 0.4
7000, 3, 13034, 0.5
7000, 3, 13034, 0.6
7000, 4, 30345, 0.4
7000, 4, 30345, 0.5
7000, 4, 30345, 0.6
7000, 5, 27411, 0.4
7000, 5, 27411, 0.5
7000, 5, 27411, 0.6
7000, 6, 434, 0.4
7000, 6, 434, 0.5
7000, 6, 434, 0.6
7000, 7, 8579, 0.4
7000, 7, 8579, 0.5
7000, 7, 8579, 0.6
7000, 8, 20265, 0.4
7000, 8, 20265, 0.5
7000, 8, 20265, 0.6
7000, 9, 13894, 0.4
7000, 9, 13894, 0.5
7000, 9, 13894, 0.6
7000, 10, 27466, 0.4
7000, 10, 27466, 0.5
7000, 10, 27466, 0.6
7000, 11, 240, 0.4
7000, 11, 240, 0.5
7000, 11, 240, 0.6
7000, 12, 19411, 0.4
7000, 12, 19411, 0.5
7000, 12, 19411, 0.6
7000, 13, 16218, 0.4
7000, 13, 16218, 0.5
7000, 13, 16218, 0.6
7000, 14, 31229, 0.4
7000, 14, 31229, 0.5
7000, 14, 31229, 0.6
7000, 15, 5727, 0.4
7000, 15, 5727, 0.5
7000, 15, 5727, 0.6
7000, 16, 4924, 0.4
7000, 16, 4924, 0.5
7000, 16, 4924, 0.6
7000, 17, 1858, 0.4
7000, 17, 1858, 0.5
7000, 17, 1858, 0.6
7000, 18, 19363, 0.4
7000, 18, 19363, 0.5
7000, 18, 19363, 0.6
7000, 19, 5027, 0.4
7000, 19, 5027, 0.5
7000, 19, 5027, 0.6
7000, 20, 25626, 0.4
7000, 20, 25626, 0.5
7000, 20, 25626, 0.6
7000, 21, 9166, 0.4
7000, 21, 9166, 0.5
7000, 21, 9166, 0.6
7000, 22, 26320, 0.4
7000, 22, 26320, 0.5
7000, 22, 26320, 0.6
7000, 23, 1925, 0.4
7000, 23, 1925, 0.5
7000, 23, 1925, 0.6
7000, 24, 27014, 0.4
7000, 24, 27014, 0.5
7000, 24, 27014, 0.6
7000, 25, 7316, 0.4
7000, 25, 7316, 0.5
7000, 25, 7316, 0.6
7000, 26, 4390, 0.4
7000, 26, 4390, 0.5
7000, 26, 4390, 0.6
7000, 27, 32597, 0.4
7000, 27, 32597, 0.5
7000, 27, 32597, 0.6
7000, 28, 20700, 0.4
7000, 28, 20700, 0.5
7000, 28, 20700, 0.6
7000, 29, 26701, 0.4
7000, 29, 26701, 0.5
7000, 29, 26701, 0.6
7000, 30, 20352, 0.4
7000, 30, 20352, 0.5
7000, 30, 20352, 0.6
7000, 31, 31412, 0.4
7000, 31, 31412, 0.5
7000, 31, 31412, 0.6
7000, 32, 4216, 0.4
7000, 32, 4216, 0.5
7000, 32, 4216, 0.6
7000, 33, 28992, 0.4
7000, 33, 28992, 0.5
7000, 33, 28992, 0.6
7000, 34, 24213, 0.4
7000, 34, 24213, 0.5
7000, 34, 24213, 0.6
7000, 35, 11673, 0.4
7000, 35, 11673, 0.5
7000, 35, 11673, 0.6
7000, 36, 24930, 0.4
7000, 36, 24930, 0.5
7000, 36, 24930, 0.6
7000, 37, 16998, 0.4
7000, 37, 16998, 0.5
7000, 37, 16998, 0.6
7000, 38, 24109, 0.4
7000, 38, 24109, 0.5
7000, 38, 24109, 0.6
7000, 39, 3095, 0.4
7000, 39, 3095, 0.5
7000, 39, 3095, 0.6
7000, 40, 22374, 0.4
7000, 40, 22374, 0.5
7000, 40, 22374, 0.6
7000, 41, 4801, 0.4
7000, 41, 4801, 0.5
7000, 41, 4801, 0.6
7000, 42, 27102, 0.4
7000, 42, 27102, 0.5
7000, 42, 27102, 0.6
7000, 43, 15948, 0.4
7000, 43, 15948, 0.5
7000, 43, 15948, 0.6
7000, 44, 15936, 0.4
7000, 44, 15936, 0.5
7000, 44, 15936, 0.6
7000, 45, 11502, 0.4
7000, 45, 11502, 0.5
7000, 45, 11502, 0.6
7000, 46, 6417, 0.4
7000, 46, 6417, 0.5
7000, 46, 6417, 0.6
7000, 47, 879, 0.4
7000, 47, 879, 0.5
7000, 47, 879, 0.6
7000, 48, 11345, 0.4
7000, 48, 11345, 0.5
7000, 48, 11345, 0.6
7000, 49, 6269, 0.4
7000, 49, 6269, 0.5
7000, 49, 6269, 0.6
7000, 50, 31270, 0.4
7000, 50, 31270, 0.5
7000, 50, 31270, 0.6
14000, 2, 11875, 0.4
14000, 2, 11875, 0.5
14000, 2, 11875, 0.6
14000, 3, 9917, 0.4
14000, 3, 9917, 0.5
14000, 3, 9917, 0.6
14000, 4, 27191, 0.4
14000, 4, 27191, 0.5
14000, 4, 27191, 0.6
14000, 5, 29402, 0.4
14000, 5, 29402, 0.5
14000, 5, 29402, 0.6
14000, 6, 28858, 0.4
14000, 6, 28858, 0.5
14000, 6, 28858, 0.6
14000, 7, 27622, 0.4
14000, 7, 27622, 0.5
14000, 7, 27622, 0.6
14000, 8, 27561, 0.4
14000, 8, 27561, 0.5
14000, 8, 27561, 0.6
14000, 9, 26071, 0.4
14000, 9, 26071, 0.5
14000, 9, 26071, 0.6
14000, 10, 23691, 0.4
14000, 10, 23691, 0.5
14000, 10, 23691, 0.6
14000, 11, 29814, 0.4
14000, 11, 29814, 0.5
14000, 11, 29814, 0.6
14000, 12, 3784, 0.4
14000, 12, 3784, 0.5
14000, 12, 3784, 0.6
14000, 13, 9560, 0.4
14000, 13, 9560, 0.5
14000, 13, 9560, 0.6
14000, 14, 901, 0.4
14000, 14, 901, 0.5
14000, 14, 901, 0.6
14000, 15, 17233, 0.4
14000, 15, 17233, 0.5
14000, 15, 17233, 0.6
14000, 16, 19036, 0.4
14000, 16, 19036, 0.5
14000, 16, 19036, 0.6
14000, 17, 7277, 0.4
14000, 17, 7277, 0.5
14000, 17, 7277, 0.6
14000, 18, 30815, 0.4
14000, 18, 30815, 0.5
14000, 18, 30815, 0.6
14000, 19, 23592, 0.4
14000, 19, 23592, 0.5
14000, 19, 23592, 0.6
14000, 20, 26274, 0.4
14000, 20, 26274, 0.5
14000, 20, 26274, 0.6
14000, 21, 18975, 0.4
14000, 21, 18975, 0.5
14000, 21, 18975, 0.6
14000, 22, 23795, 0.4
14000, 22, 23795, 0.5
14000, 22, 23795, 0.6
14000, 23, 11203, 0.4
14000, 23, 11203, 0.5
14000, 23, 11203, 0.6
14000, 24, 26152, 0.4
14000, 24, 26152, 0.5
14000, 24, 26152, 0.6
14000, 25, 28107, 0.4
14000, 25, 28107, 0.5
14000, 25, 28107, 0.6
14000, 26, 28500, 0.4
14000, 26, 28500, 0.5
14000, 26, 28500, 0.6
14000, 27, 15889, 0.4
14000, 27, 15889, 0.5
14000, 27, 15889, 0.6
14000, 28, 7684, 0.4
14000, 28, 7684, 0.5
14000, 28, 7684, 0.6
14000, 29, 15505, 0.4
14000, 29, 15505, 0.5
14000, 29, 15505, 0.6
14000, 30, 8964, 0.4
14000, 30, 8964, 0.5
14000, 30, 8964, 0.6
14000, 31, 8950, 0.4
14000, 31, 8950, 0.5
14000, 31, 8950, 0.6
14000, 32, 6091, 0.4
14000, 32, 6091, 0.5
14000, 32, 6091, 0.6
14000, 33, 27082, 0.4
14000, 33, 27082, 0.5
14000, 33, 27082, 0.6
14000, 34, 28538, 0.4
14000, 34, 28538, 0.5
14000, 34, 28538, 0.6
14000, 35, 21543, 0.4
14000, 35, 21543, 0.5
14000, 35, 21543, 0.6
14000, 36, 31389, 0.4
14000, 36, 31389, 0.5
14000, 36, 31389, 0.6
14000, 37, 9082, 0.4
14000, 37, 9082, 0.5
14000, 37, 9082, 0.6
14000, 38, 18170, 0.4
14000, 38, 18170, 0.5
14000, 38, 18170, 0.6
14000, 39, 26918, 0.4
14000, 39, 26918, 0.5
14000, 39, 26918, 0.6
14000, 40, 5512, 0.4
14000, 40, 5512, 0.5
14000, 40, 5512, 0.6
14000, 41, 21934, 0.4
14000, 41, 21934, 0.5
14000, 41, 21934, 0.6
14000, 42, 17304, 0.4
14000, 42, 17304, 0.5
14000, 42, 17304, 0.6
14000, 43, 27466, 0.4
14000, 43, 27466, 0.5
14000, 43, 27466, 0.6
14000, 44, 28159, 0.4
14000, 44, 28159, 0.5
14000, 44, 28159, 0.6
14000, 45, 24214, 0.4
14000, 45, 24214, 0.5
14000, 45, 24214, 0.6
14000, 46, 679, 0.4
14000, 46, 679, 0.5
14000, 46, 679, 0.6
14000, 47, 23385, 0.4
14000, 47, 23385, 0.5
14000, 47, 23385, 0.6
14000, 48, 22197, 0.4
14000, 48, 22197, 0.5
14000, 48, 22197, 0.6
14000, 49, 16643, 0.4
14000, 49, 16643, 0.5
14000, 49, 16643, 0.6
14000, 50, 20683, 0.4
14000, 50, 20683, 0.5
14000, 50, 20683, 0.6
