eCM, nPile, seed, R
7000, 2, 29437, 0.4
7000, 2, 29437, 0.5
7000, 2, 29437, 0.6
7000, 3, 29620, 0.4
7000, 3, 29620, 0.5
7000, 3, 29620, 0.6
7000, 4, 1030, 0.4
7000, 4, 1030, 0.5
7000, 4, 1030, 0.6
7000, 5, 17601, 0.4
7000, 5, 17601, 0.5
7000, 5, 17601, 0.6
7000, 6, 1854, 0.4
7000, 6, 1854, 0.5
7000, 6, 1854, 0.6
7000, 7, 19632, 0.4
7000, 7, 19632, 0.5
7000, 7, 19632, 0.6
7000, 8, 1619, 0.4
7000, 8, 1619, 0.5
7000, 8, 1619, 0.6
7000, 9, 24208, 0.4
7000, 9, 24208, 0.5
7000, 9, 24208, 0.6
7000, 10, 24198, 0.4
7000, 10, 24198, 0.5
7000, 10, 24198, 0.6
7000, 11, 19884, 0.4
7000, 11, 19884, 0.5
7000, 11, 19884, 0.6
7000, 12, 12575, 0.4
7000, 12, 12575, 0.5
7000, 12, 12575, 0.6
7000, 13, 2086, 0.4
7000, 13, 2086, 0.5
7000, 13, 2086, 0.6
7000, 14, 16730, 0.4
7000, 14, 16730, 0.5
7000, 14, 16730, 0.6
7000, 15, 18261, 0.4
7000, 15, 18261, 0.5
7000, 15, 18261, 0.6
7000, 16, 17110, 0.4
7000, 16, 17110, 0.5
7000, 16, 17110, 0.6
7000, 17, 3932, 0.4
7000, 17, 3932, 0.5
7000, 17, 3932, 0.6
7000, 18, 12681, 0.4
7000, 18, 12681, 0.5
7000, 18, 12681, 0.6
7000, 19, 19740, 0.4
7000, 19, 19740, 0.5
7000, 19, 19740, 0.6
7000, 20, 13947, 0.4
7000, 20, 13947, 0.5
7000, 20, 13947, 0.6
7000, 21, 8174, 0.4
7000, 21, 8174, 0.5
7000, 21, 8174, 0.6
7000, 22, 8027, 0.4
7000, 22, 8027, 0.5
7000, 22, 8027, 0.6
7000, 23, 18447, 0.4
7000, 23, 18447, 0.5
7000, 23, 18447, 0.6
7000, 24, 6005, 0.4
7000, 24, 6005, 0.5
7000, 24, 6005, 0.6
7000, 25, 8013, 0.4
7000, 25, 8013, 0.5
7000, 25, 8013, 0.6
7000, 26, 9928, 0.4
7000, 26, 9928, 0.5
7000, 26, 9928, 0.6
7000, 27, 12787, 0.4
7000, 27, 12787, 0.5
7000, 27, 12787, 0.6
7000, 28, 26630, 0.4
7000, 28, 26630, 0.5
7000, 28, 26630, 0.6
7000, 29, 9999, 0.4
7000, 29, 9999, 0.5
7000, 29, 9999, 0.6
7000, 30, 30129, 0.4
7000, 30, 30129, 0.5
7000, 30, 30129, 0.6
7000, 31, 1501, 0.4
7000, 31, 1501, 0.5
7000, 31, 1501, 0.6
7000, 32, 5461, 0.4
7000, 32, 5461, 0.5
7000, 32, 5461, 0.6
7000, 33, 19843, 0.4
7000, 33, 19843, 0.5
7000, 33, 19843, 0.6
7000, 34, 9272, 0.4
7000, 34, 9272, 0.5
7000, 34, 9272, 0.6
7000, 35, 6276, 0.4
7000, 35, 6276, 0.5
7000, 35, 6276, 0.6
7000, 36, 13858, 0.4
7000, 36, 13858, 0.5
7000, 36, 13858, 0.6
7000, 37, 16892, 0.4
7000, 37, 16892, 0.5
7000, 37, 16892, 0.6
7000, 38, 10309, 0.4
7000, 38, 10309, 0.5
7000, 38, 10309, 0.6
7000, 39, 6302, 0.4
7000, 39, 6302, 0.5
7000, 39, 6302, 0.6
7000, 40, 24202, 0.4
7000, 40, 24202, 0.5
7000, 40, 24202, 0.6
7000, 41, 30644, 0.4
7000, 41, 30644, 0.5
7000, 41, 30644, 0.6
7000, 42, 28695, 0.4
7000, 42, 28695, 0.5
7000, 42, 28695, 0.6
7000, 43, 21202, 0.4
7000, 43, 21202, 0.5
7000, 43, 21202, 0.6
7000, 44, 30304, 0.4
7000, 44, 30304, 0.5
7000, 44, 30304, 0.6
7000, 45, 26555, 0.4
7000, 45, 26555, 0.5
7000, 45, 26555, 0.6
7000, 46, 28838, 0.4
7000, 46, 28838, 0.5
7000, 46, 28838, 0.6
7000, 47, 29273, 0.4
7000, 47, 29273, 0.5
7000, 47, 29273, 0.6
7000, 48, 20980, 0.4
7000, 48, 20980, 0.5
7000, 48, 20980, 0.6
7000, 49, 9279, 0.4
7000, 49, 9279, 0.5
7000, 49, 9279, 0.6
7000, 50, 18422, 0.4
7000, 50, 18422, 0.5
7000, 50, 18422, 0.6
14000, 2, 3851, 0.4
14000, 2, 3851, 0.5
14000, 2, 3851, 0.6
14000, 3, 20174, 0.4
14000, 3, 20174, 0.5
14000, 3, 20174, 0.6
14000, 4, 24688, 0.4
14000, 4, 24688, 0.5
14000, 4, 24688, 0.6
14000, 5, 12653, 0.4
14000, 5, 12653, 0.5
14000, 5, 12653, 0.6
14000, 6, 2653, 0.4
14000, 6, 2653, 0.5
14000, 6, 2653, 0.6
14000, 7, 3620, 0.4
14000, 7, 3620, 0.5
14000, 7, 3620, 0.6
14000, 8, 10878, 0.4
14000, 8, 10878, 0.5
14000, 8, 10878, 0.6
14000, 9, 756, 0.4
14000, 9, 756, 0.5
14000, 9, 756, 0.6
14000, 10, 15114, 0.4
14000, 10, 15114, 0.5
14000, 10, 15114, 0.6
14000, 11, 15897, 0.4
14000, 11, 15897, 0.5
14000, 11, 15897, 0.6
14000, 12, 4037, 0.4
14000, 12, 4037, 0.5
14000, 12, 4037, 0.6
14000, 13, 1592, 0.4
14000, 13, 1592, 0.5
14000, 13, 1592, 0.6
14000, 14, 5139, 0.4
14000, 14, 5139, 0.5
14000, 14, 5139, 0.6
14000, 15, 4592, 0.4
14000, 15, 4592, 0.5
14000, 15, 4592, 0.6
14000, 16, 27573, 0.4
14000, 16, 27573, 0.5
14000, 16, 27573, 0.6
14000, 17, 24060, 0.4
14000, 17, 24060, 0.5
14000, 17, 24060, 0.6
14000, 18, 2310, 0.4
14000, 18, 2310, 0.5
14000, 18, 2310, 0.6
14000, 19, 6747, 0.4
14000, 19, 6747, 0.5
14000, 19, 6747, 0.6
14000, 20, 32, 0.4
14000, 20, 32, 0.5
14000, 20, 32, 0.6
14000, 21, 30816, 0.4
14000, 21, 30816, 0.5
14000, 21, 30816, 0.6
14000, 22, 12525, 0.4
14000, 22, 12525, 0.5
14000, 22, 12525, 0.6
14000, 23, 25969, 0.4
14000, 23, 25969, 0.5
14000, 23, 25969, 0.6
14000, 24, 13521, 0.4
14000, 24, 13521, 0.5
14000, 24, 13521, 0.6
14000, 25, 20239, 0.4
14000, 25, 20239, 0.5
14000, 25, 20239, 0.6
14000, 26, 5605, 0.4
14000, 26, 5605, 0.5
14000, 26, 5605, 0.6
14000, 27, 18427, 0.4
14000, 27, 18427, 0.5
14000, 27, 18427, 0.6
14000, 28, 28419, 0.4
14000, 28, 28419, 0.5
14000, 28, 28419, 0.6
14000, 29, 24898, 0.4
14000, 29, 24898, 0.5
14000, 29, 24898, 0.6
14000, 30, 29667, 0.4
14000, 30, 29667, 0.5
14000, 30, 29667, 0.6
14000, 31, 26762, 0.4
14000, 31, 26762, 0.5
14000, 31, 26762, 0.6
14000, 32, 6094, 0.4
14000, 32, 6094, 0.5
14000, 32, 6094, 0.6
14000, 33, 10676, 0.4
14000, 33, 10676, 0.5
14000, 33, 10676, 0.6
14000, 34, 7296, 0.4
14000, 34, 7296, 0.5
14000, 34, 7296, 0.6
14000, 35, 24479, 0.4
14000, 35, 24479, 0.5
14000, 35, 24479, 0.6
14000, 36, 28080, 0.4
14000, 36, 28080, 0.5
14000, 36, 28080, 0.6
14000, 37, 5264, 0.4
14000, 37, 5264, 0.5
14000, 37, 5264, 0.6
14000, 38, 21647, 0.4
14000, 38, 21647, 0.5
14000, 38, 21647, 0.6
14000, 39, 12905, 0.4
14000, 39, 12905, 0.5
14000, 39, 12905, 0.6
14000, 40, 22163, 0.4
14000, 40, 22163, 0.5
14000, 40, 22163, 0.6
14000, 41, 28781, 0.4
14000, 41, 28781, 0.5
14000, 41, 28781, 0.6
14000, 42, 10473, 0.4
14000, 42, 10473, 0.5
14000, 42, 10473, 0.6
14000, 43, 8149, 0.4
14000, 43, 8149, 0.5
14000, 43, 8149, 0.6
14000, 44, 1666, 0.4
14000, 44, 1666, 0.5
14000, 44, 1666, 0.6
14000, 45, 30315, 0.4
14000, 45, 30315, 0.5
14000, 45, 30315, 0.6
14000, 46, 5662, 0.4
14000, 46, 5662, 0.5
14000, 46, 5662, 0.6
14000, 47, 20525, 0.4
14000, 47, 20525, 0.5
14000, 47, 20525, 0.6
14000, 48, 32504, 0.4
14000, 48, 32504, 0.5
14000, 48, 32504, 0.6
14000, 49, 31167, 0.4
14000, 49, 31167, 0.5
14000, 49, 31167, 0.6
14000, 50, 13475, 0.4
14000, 50, 13475, 0.5
14000, 50, 13475, 0.6
