eCM, nPile, seed, R
7000, 2, 5128, 0.4
7000, 2, 5128, 0.5
7000, 2, 5128, 0.6
7000, 3, 23137, 0.4
7000, 3, 23137, 0.5
7000, 3, 23137, 0.6
7000, 4, 19779, 0.4
7000, 4, 19779, 0.5
7000, 4, 19779, 0.6
7000, 5, 18275, 0.4
7000, 5, 18275, 0.5
7000, 5, 18275, 0.6
7000, 6, 29502, 0.4
7000, 6, 29502, 0.5
7000, 6, 29502, 0.6
7000, 7, 17310, 0.4
7000, 7, 17310, 0.5
7000, 7, 17310, 0.6
7000, 8, 23790, 0.4
7000, 8, 23790, 0.5
7000, 8, 23790, 0.6
7000, 9, 19438, 0.4
7000, 9, 19438, 0.5
7000, 9, 19438, 0.6
7000, 10, 9174, 0.4
7000, 10, 9174, 0.5
7000, 10, 9174, 0.6
7000, 11, 31357, 0.4
7000, 11, 31357, 0.5
7000, 11, 31357, 0.6
7000, 12, 29435, 0.4
7000, 12, 29435, 0.5
7000, 12, 29435, 0.6
7000, 13, 25254, 0.4
7000, 13, 25254, 0.5
7000, 13, 25254, 0.6
7000, 14, 11787, 0.4
7000, 14, 11787, 0.5
7000, 14, 11787, 0.6
7000, 15, 29048, 0.4
7000, 15, 29048, 0.5
7000, 15, 29048, 0.6
7000, 16, 16957, 0.4
7000, 16, 16957, 0.5
7000, 16, 16957, 0.6
7000, 17, 29594, 0.4
7000, 17, 29594, 0.5
7000, 17, 29594, 0.6
7000, 18, 24878, 0.4
7000, 18, 24878, 0.5
7000, 18, 24878, 0.6
7000, 19, 22227, 0.4
7000, 19, 22227, 0.5
7000, 19, 22227, 0.6
7000, 20, 4176, 0.4
7000, 20, 4176, 0.5
7000, 20, 4176, 0.6
7000, 21, 15967, 0.4
7000, 21, 15967, 0.5
7000, 21, 15967, 0.6
7000, 22, 27932, 0.4
7000, 22, 27932, 0.5
7000, 22, 27932, 0.6
7000, 23, 31551, 0.4
7000, 23, 31551, 0.5
7000, 23, 31551, 0.6
7000, 24, 652, 0.4
7000, 24, 652, 0.5
7000, 24, 652, 0.6
7000, 25, 25400, 0.4
7000, 25, 25400, 0.5
7000, 25, 25400, 0.6
7000, 26, 15746, 0.4
7000, 26, 15746, 0.5
7000, 26, 15746, 0.6
7000, 27, 28680, 0.4
7000, 27, 28680, 0.5
7000, 27, 28680, 0.6
7000, 28, 26181, 0.4
7000, 28, 26181, 0.5
7000, 28, 26181, 0.6
7000, 29, 5623, 0.4
7000, 29, 5623, 0.5
7000, 29, 5623, 0.6
7000, 30, 23864, 0.4
7000, 30, 23864, 0.5
7000, 30, 23864, 0.6
7000, 31, 21733, 0.4
7000, 31, 21733, 0.5
7000, 31, 21733, 0.6
7000, 32, 16023, 0.4
7000, 32, 16023, 0.5
7000, 32, 16023, 0.6
7000, 33, 19460, 0.4
7000, 33, 19460, 0.5
7000, 33, 19460, 0.6
7000, 34, 16204, 0.4
7000, 34, 16204, 0.5
7000, 34, 16204, 0.6
7000, 35, 13980, 0.4
7000, 35, 13980, 0.5
7000, 35, 13980, 0.6
7000, 36, 3229, 0.4
7000, 36, 3229, 0.5
7000, 36, 3229, 0.6
7000, 37, 13909, 0.4
7000, 37, 13909, 0.5
7000, 37, 13909, 0.6
7000, 38, 17226, 0.4
7000, 38, 17226, 0.5
7000, 38, 17226, 0.6
7000, 39, 25852, 0.4
7000, 39, 25852, 0.5
7000, 39, 25852, 0.6
7000, 40, 14868, 0.4
7000, 40, 14868, 0.5
7000, 40, 14868, 0.6
7000, 41, 11106, 0.4
7000, 41, 11106, 0.5
7000, 41, 11106, 0.6
7000, 42, 25185, 0.4
7000, 42, 25185, 0.5
7000, 42, 25185, 0.6
7000, 43, 4893, 0.4
7000, 43, 4893, 0.5
7000, 43, 4893, 0.6
7000, 44, 223, 0.4
7000, 44, 223, 0.5
7000, 44, 223, 0.6
7000, 45, 32704, 0.4
7000, 45, 32704, 0.5
7000, 45, 32704, 0.6
7000, 46, 18394, 0.4
7000, 46, 18394, 0.5
7000, 46, 18394, 0.6
7000, 47, 28135, 0.4
7000, 47, 28135, 0.5
7000, 47, 28135, 0.6
7000, 48, 32724, 0.4
7000, 48, 32724, 0.5
7000, 48, 32724, 0.6
7000, 49, 4184, 0.4
7000, 49, 4184, 0.5
7000, 49, 4184, 0.6
7000, 50, 16391, 0.4
7000, 50, 16391, 0.5
7000, 50, 16391, 0.6
14000, 2, 23650, 0.4
14000, 2, 23650, 0.5
14000, 2, 23650, 0.6
14000, 3, 27400, 0.4
14000, 3, 27400, 0.5
14000, 3, 27400, 0.6
14000, 4, 13644, 0.4
14000, 4, 13644, 0.5
14000, 4, 13644, 0.6
14000, 5, 21082, 0.4
14000, 5, 21082, 0.5
14000, 5, 21082, 0.6
14000, 6, 19149, 0.4
14000, 6, 19149, 0.5
14000, 6, 19149, 0.6
14000, 7, 31299, 0.4
14000, 7, 31299, 0.5
14000, 7, 31299, 0.6
14000, 8, 121, 0.4
14000, 8, 121, 0.5
14000, 8, 121, 0.6
14000, 9, 23737, 0.4
14000, 9, 23737, 0.5
14000, 9, 23737, 0.6
14000, 10, 18874, 0.4
14000, 10, 18874, 0.5
14000, 10, 18874, 0.6
14000, 11, 31784, 0.4
14000, 11, 31784, 0.5
14000, 11, 31784, 0.6
14000, 12, 23407, 0.4
14000, 12, 23407, 0.5
14000, 12, 23407, 0.6
14000, 13, 7999, 0.4
14000, 13, 7999, 0.5
14000, 13, 7999, 0.6
14000, 14, 10145, 0.4
14000, 14, 10145, 0.5
14000, 14, 10145, 0.6
14000, 15, 27084, 0.4
14000, 15, 27084, 0.5
14000, 15, 27084, 0.6
14000, 16, 11238, 0.4
14000, 16, 11238, 0.5
14000, 16, 11238, 0.6
14000, 17, 19661, 0.4
14000, 17, 19661, 0.5
14000, 17, 19661, 0.6
14000, 18, 25001, 0.4
14000, 18, 25001, 0.5
14000, 18, 25001, 0.6
14000, 19, 25574, 0.4
14000, 19, 25574, 0.5
14000, 19, 25574, 0.6
14000, 20, 24385, 0.4
14000, 20, 24385, 0.5
14000, 20, 24385, 0.6
14000, 21, 28011, 0.4
14000, 21, 28011, 0.5
14000, 21, 28011, 0.6
14000, 22, 25889, 0.4
14000, 22, 25889, 0.5
14000, 22, 25889, 0.6
14000, 23, 10943, 0.4
14000, 23, 10943, 0.5
14000, 23, 10943, 0.6
14000, 24, 12748, 0.4
14000, 24, 12748, 0.5
14000, 24, 12748, 0.6
14000, 25, 7372, 0.4
14000, 25, 7372, 0.5
14000, 25, 7372, 0.6
14000, 26, 25071, 0.4
14000, 26, 25071, 0.5
14000, 26, 25071, 0.6
14000, 27, 25047, 0.4
14000, 27, 25047, 0.5
14000, 27, 25047, 0.6
14000, 28, 9590, 0.4
14000, 28, 9590, 0.5
14000, 28, 9590, 0.6
14000, 29, 12514, 0.4
14000, 29, 12514, 0.5
14000, 29, 12514, 0.6
14000, 30, 9055, 0.4
14000, 30, 9055, 0.5
14000, 30, 9055, 0.6
14000, 31, 26780, 0.4
14000, 31, 26780, 0.5
14000, 31, 26780, 0.6
14000, 32, 3894, 0.4
14000, 32, 3894, 0.5
14000, 32, 3894, 0.6
14000, 33, 30357, 0.4
14000, 33, 30357, 0.5
14000, 33, 30357, 0.6
14000, 34, 829, 0.4
14000, 34, 829, 0.5
14000, 34, 829, 0.6
14000, 35, 27348, 0.4
14000, 35, 27348, 0.5
14000, 35, 27348, 0.6
14000, 36, 23802, 0.4
14000, 36, 23802, 0.5
14000, 36, 23802, 0.6
14000, 37, 26108, 0.4
14000, 37, 26108, 0.5
14000, 37, 26108, 0.6
14000, 38, 14571, 0.4
14000, 38, 14571, 0.5
14000, 38, 14571, 0.6
14000, 39, 143, 0.4
14000, 39, 143, 0.5
14000, 39, 143, 0.6
14000, 40, 264, 0.4
14000, 40, 264, 0.5
14000, 40, 264, 0.6
14000, 41, 21492, 0.4
14000, 41, 21492, 0.5
14000, 41, 21492, 0.6
14000, 42, 30173, 0.4
14000, 42, 30173, 0.5
14000, 42, 30173, 0.6
14000, 43, 23181, 0.4
14000, 43, 23181, 0.5
14000, 43, 23181, 0.6
14000, 44, 9096, 0.4
14000, 44, 9096, 0.5
14000, 44, 9096, 0.6
14000, 45, 27546, 0.4
14000, 45, 27546, 0.5
14000, 45, 27546, 0.6
14000, 46, 7006, 0.4
14000, 46, 7006, 0.5
14000, 46, 7006, 0.6
14000, 47, 27297, 0.4
14000, 47, 27297, 0.5
14000, 47, 27297, 0.6
14000, 48, 15595, 0.4
14000, 48, 15595, 0.5
14000, 48, 15595, 0.6
14000, 49, 16611, 0.4
14000, 49, 16611, 0.5
14000, 49, 16611, 0.6
14000, 50, 12015, 0.4
14000, 50, 12015, 0.5
14000, 50, 12015, 0.6
