eCM, nPile, seed, R
7000, 2, 6671, 0.4
7000, 2, 6671, 0.5
7000, 2, 6671, 0.6
7000, 3, 7647, 0.4
7000, 3, 7647, 0.5
7000, 3, 7647, 0.6
7000, 4, 20868, 0.4
7000, 4, 20868, 0.5
7000, 4, 20868, 0.6
7000, 5, 29077, 0.4
7000, 5, 29077, 0.5
7000, 5, 29077, 0.6
7000, 6, 8238, 0.4
7000, 6, 8238, 0.5
7000, 6, 8238, 0.6
7000, 7, 22283, 0.4
7000, 7, 22283, 0.5
7000, 7, 22283, 0.6
7000, 8, 27118, 0.4
7000, 8, 27118, 0.5
7000, 8, 27118, 0.6
7000, 9, 16364, 0.4
7000, 9, 16364, 0.5
7000, 9, 16364, 0.6
7000, 10, 21727, 0.4
7000, 10, 21727, 0.5
7000, 10, 21727, 0.6
7000, 11, 20104, 0.4
7000, 11, 20104, 0.5
7000, 11, 20104, 0.6
7000, 12, 31222, 0.4
7000, 12, 31222, 0.5
7000, 12, 31222, 0.6
7000, 13, 10522, 0.4
7000, 13, 10522, 0.5
7000, 13, 10522, 0.6
7000, 14, 2455, 0.4
7000, 14, 2455, 0.5
7000, 14, 2455, 0.6
7000, 15, 24631, 0.4
7000, 15, 24631, 0.5
7000, 15, 24631, 0.6
7000, 16, 23744, 0.4
7000, 16, 23744, 0.5
7000, 16, 23744, 0.6
7000, 17, 3227, 0.4
7000, 17, 3227, 0.5
7000, 17, 3227, 0.6
7000, 18, 16307, 0.4
7000, 18, 16307, 0.5
7000, 18, 16307, 0.6
7000, 19, 18276, 0.4
7000, 19, 18276, 0.5
7000, 19, 18276, 0.6
7000, 20, 16236, 0.4
7000, 20, 16236, 0.5
7000, 20, 16236, 0.6
7000, 21, 6154, 0.4
7000, 21, 6154, 0.5
7000, 21, 6154, 0.6
7000, 22, 32019, 0.4
7000, 22, 32019, 0.5
7000, 22, 32019, 0.6
7000, 23, 6024, 0.4
7000, 23, 6024, 0.5
7000, 23, 6024, 0.6
7000, 24, 1041, 0.4
7000, 24, 1041, 0.5
7000, 24, 1041, 0.6
7000, 25, 16034, 0.4
7000, 25, 16034, 0.5
7000, 25, 16034, 0.6
7000, 26, 11766, 0.4
7000, 26, 11766, 0.5
7000, 26, 11766, 0.6
7000, 27, 11771, 0.4
7000, 27, 11771, 0.5
7000, 27, 11771, 0.6
7000, 28, 25414, 0.4
7000, 28, 25414, 0.5
7000, 28, 25414, 0.6
7000, 29, 22055, 0.4
7000, 29, 22055, 0.5
7000, 29, 22055, 0.6
7000, 30, 18005, 0.4
7000, 30, 18005, 0.5
7000, 30, 18005, 0.6
7000, 31, 13165, 0.4
7000, 31, 13165, 0.5
7000, 31, 13165, 0.6
7000, 32, 22544, 0.4
7000, 32, 22544, 0.5
7000, 32, 22544, 0.6
7000, 33, 22279, 0.4
7000, 33, 22279, 0.5
7000, 33, 22279, 0.6
7000, 34, 18482, 0.4
7000, 34, 18482, 0.5
7000, 34, 18482, 0.6
7000, 35, 287, 0.4
7000, 35, 287, 0.5
7000, 35, 287, 0.6
7000, 36, 24123, 0.4
7000, 36, 24123, 0.5
7000, 36, 24123, 0.6
7000, 37, 11918, 0.4
7000, 37, 11918, 0.5
7000, 37, 11918, 0.6
7000, 38, 15717, 0.4
7000, 38, 15717, 0.5
7000, 38, 15717, 0.6
7000, 39, 23798, 0.4
7000, 39, 23798, 0.5
7000, 39, 23798, 0.6
7000, 40, 25689, 0.4
7000, 40, 25689, 0.5
7000, 40, 25689, 0.6
7000, 41, 26850, 0.4
7000, 41, 26850, 0.5
7000, 41, 26850, 0.6
7000, 42, 30763, 0.4
7000, 42, 30763, 0.5
7000, 42, 30763, 0.6
7000, 43, 9320, 0.4
7000, 43, 9320, 0.5
7000, 43, 9320, 0.6
7000, 44, 21080, 0.4
7000, 44, 21080, 0.5
7000, 44, 21080, 0.6
7000, 45, 14261, 0.4
7000, 45, 14261, 0.5
7000, 45, 14261, 0.6
7000, 46, 28414, 0.4
7000, 46, 28414, 0.5
7000, 46, 28414, 0.6
7000, 47, 6797, 0.4
7000, 47, 6797, 0.5
7000, 47, 6797, 0.6
7000, 48, 24562, 0.4
7000, 48, 24562, 0.5
7000, 48, 24562, 0.6
7000, 49, 25042, 0.4
7000, 49, 25042, 0.5
7000, 49, 25042, 0.6
7000, 50, 17556, 0.4
7000, 50, 17556, 0.5
7000, 50, 17556, 0.6
14000, 2, 400, 0.4
14000, 2, 400, 0.5
14000, 2, 400, 0.6
14000, 3, 16421, 0.4
14000, 3, 16421, 0.5
14000, 3, 16421, 0.6
14000, 4, 5913, 0.4
14000, 4, 5913, 0.5
14000, 4, 5913, 0.6
14000, 5, 2116, 0.4
14000, 5, 2116, 0.5
14000, 5, 2116, 0.6
14000, 6, 19085, 0.4
14000, 6, 19085, 0.5
14000, 6, 19085, 0.6
14000, 7, 4451, 0.4
14000, 7, 4451, 0.5
14000, 7, 4451, 0.6
14000, 8, 20588, 0.4
14000, 8, 20588, 0.5
14000, 8, 20588, 0.6
14000, 9, 14869, 0.4
14000, 9, 14869, 0.5
14000, 9, 14869, 0.6
14000, 10, 26605, 0.4
14000, 10, 26605, 0.5
14000, 10, 26605, 0.6
14000, 11, 12660, 0.4
14000, 11, 12660, 0.5
14000, 11, 12660, 0.6
14000, 12, 29903, 0.4
14000, 12, 29903, 0.5
14000, 12, 29903, 0.6
14000, 13, 32315, 0.4
14000, 13, 32315, 0.5
14000, 13, 32315, 0.6
14000, 14, 10446, 0.4
14000, 14, 10446, 0.5
14000, 14, 10446, 0.6
14000, 15, 18964, 0.4
14000, 15, 18964, 0.5
14000, 15, 18964, 0.6
14000, 16, 1541, 0.4
14000, 16, 1541, 0.5
14000, 16, 1541, 0.6
14000, 17, 28400, 0.4
14000, 17, 28400, 0.5
14000, 17, 28400, 0.6
14000, 18, 2794, 0.4
14000, 18, 2794, 0.5
14000, 18, 2794, 0.6
14000, 19, 19663, 0.4
14000, 19, 19663, 0.5
14000, 19, 19663, 0.6
14000, 20, 1747, 0.4
14000, 20, 1747, 0.5
14000, 20, 1747, 0.6
14000, 21, 9308, 0.4
14000, 21, 9308, 0.5
14000, 21, 9308, 0.6
14000, 22, 20907, 0.4
14000, 22, 20907, 0.5
14000, 22, 20907, 0.6
14000, 23, 1423, 0.4
14000, 23, 1423, 0.5
14000, 23, 1423, 0.6
14000, 24, 19390, 0.4
14000, 24, 19390, 0.5
14000, 24, 19390, 0.6
14000, 25, 30017, 0.4
14000, 25, 30017, 0.5
14000, 25, 30017, 0.6
14000, 26, 19264, 0.4
14000, 26, 19264, 0.5
14000, 26, 19264, 0.6
14000, 27, 31850, 0.4
14000, 27, 31850, 0.5
14000, 27, 31850, 0.6
14000, 28, 22421, 0.4
14000, 28, 22421, 0.5
14000, 28, 22421, 0.6
14000, 29, 21215, 0.4
14000, 29, 21215, 0.5
14000, 29, 21215, 0.6
14000, 30, 29383, 0.4
14000, 30, 29383, 0.5
14000, 30, 29383, 0.6
14000, 31, 1303, 0.4
14000, 31, 1303, 0.5
14000, 31, 1303, 0.6
14000, 32, 23003, 0.4
14000, 32, 23003, 0.5
14000, 32, 23003, 0.6
14000, 33, 22497, 0.4
14000, 33, 22497, 0.5
14000, 33, 22497, 0.6
14000, 34, 9344, 0.4
14000, 34, 9344, 0.5
14000, 34, 9344, 0.6
14000, 35, 2215, 0.4
14000, 35, 2215, 0.5
14000, 35, 2215, 0.6
14000, 36, 24678, 0.4
14000, 36, 24678, 0.5
14000, 36, 24678, 0.6
14000, 37, 880, 0.4
14000, 37, 880, 0.5
14000, 37, 880, 0.6
14000, 38, 2664, 0.4
14000, 38, 2664, 0.5
14000, 38, 2664, 0.6
14000, 39, 315, 0.4
14000, 39, 315, 0.5
14000, 39, 315, 0.6
14000, 40, 30795, 0.4
14000, 40, 30795, 0.5
14000, 40, 30795, 0.6
14000, 41, 17521, 0.4
14000, 41, 17521, 0.5
14000, 41, 17521, 0.6
14000, 42, 32708, 0.4
14000, 42, 32708, 0.5
14000, 42, 32708, 0.6
14000, 43, 25898, 0.4
14000, 43, 25898, 0.5
14000, 43, 25898, 0.6
14000, 44, 19985, 0.4
14000, 44, 19985, 0.5
14000, 44, 19985, 0.6
14000, 45, 30411, 0.4
14000, 45, 30411, 0.5
14000, 45, 30411, 0.6
14000, 46, 14325, 0.4
14000, 46, 14325, 0.5
14000, 46, 14325, 0.6
14000, 47, 26412, 0.4
14000, 47, 26412, 0.5
14000, 47, 26412, 0.6
14000, 48, 20046, 0.4
14000, 48, 20046, 0.5
14000, 48, 20046, 0.6
14000, 49, 13932, 0.4
14000, 49, 13932, 0.5
14000, 49, 13932, 0.6
14000, 50, 5274, 0.4
14000, 50, 5274, 0.5
14000, 50, 5274, 0.6
