eCM, nPile, seed, R
7000, 2, 23116, 0.4
7000, 2, 23116, 0.5
7000, 2, 23116, 0.6
7000, 3, 26707, 0.4
7000, 3, 26707, 0.5
7000, 3, 26707, 0.6
7000, 4, 20890, 0.4
7000, 4, 20890, 0.5
7000, 4, 20890, 0.6
7000, 5, 8288, 0.4
7000, 5, 8288, 0.5
7000, 5, 8288, 0.6
7000, 6, 17431, 0.4
7000, 6, 17431, 0.5
7000, 6, 17431, 0.6
7000, 7, 26824, 0.4
7000, 7, 26824, 0.5
7000, 7, 26824, 0.6
7000, 8, 29083, 0.4
7000, 8, 29083, 0.5
7000, 8, 29083, 0.6
7000, 9, 19852, 0.4
7000, 9, 19852, 0.5
7000, 9, 19852, 0.6
7000, 10, 22833, 0.4
7000, 10, 22833, 0.5
7000, 10, 22833, 0.6
7000, 11, 18281, 0.4
7000, 11, 18281, 0.5
7000, 11, 18281, 0.6
7000, 12, 5128, 0.4
7000, 12, 5128, 0.5
7000, 12, 5128, 0.6
7000, 13, 14103, 0.4
7000, 13, 14103, 0.5
7000, 13, 14103, 0.6
7000, 14, 1753, 0.4
7000, 14, 1753, 0.5
7000, 14, 1753, 0.6
7000, 15, 19813, 0.4
7000, 15, 19813, 0.5
7000, 15, 19813, 0.6
7000, 16, 16082, 0.4
7000, 16, 16082, 0.5
7000, 16, 16082, 0.6
7000, 17, 8832, 0.4
7000, 17, 8832, 0.5
7000, 17, 8832, 0.6
7000, 18, 21945, 0.4
7000, 18, 21945, 0.5
7000, 18, 21945, 0.6
7000, 19, 13092, 0.4
7000, 19, 13092, 0.5
7000, 19, 13092, 0.6
7000, 20, 19381, 0.4
7000, 20, 19381, 0.5
7000, 20, 19381, 0.6
7000, 21, 2024, 0.4
7000, 21, 2024, 0.5
7000, 21, 2024, 0.6
7000, 22, 13314, 0.4
7000, 22, 13314, 0.5
7000, 22, 13314, 0.6
7000, 23, 17252, 0.4
7000, 23, 17252, 0.5
7000, 23, 17252, 0.6
7000, 24, 13060, 0.4
7000, 24, 13060, 0.5
7000, 24, 13060, 0.6
7000, 25, 9870, 0.4
7000, 25, 9870, 0.5
7000, 25, 9870, 0.6
7000, 26, 22293, 0.4
7000, 26, 22293, 0.5
7000, 26, 22293, 0.6
7000, 27, 21745, 0.4
7000, 27, 21745, 0.5
7000, 27, 21745, 0.6
7000, 28, 17702, 0.4
7000, 28, 17702, 0.5
7000, 28, 17702, 0.6
7000, 29, 25235, 0.4
7000, 29, 25235, 0.5
7000, 29, 25235, 0.6
7000, 30, 31167, 0.4
7000, 30, 31167, 0.5
7000, 30, 31167, 0.6
7000, 31, 9422, 0.4
7000, 31, 9422, 0.5
7000, 31, 9422, 0.6
7000, 32, 8774, 0.4
7000, 32, 8774, 0.5
7000, 32, 8774, 0.6
7000, 33, 19723, 0.4
7000, 33, 19723, 0.5
7000, 33, 19723, 0.6
7000, 34, 25045, 0.4
7000, 34, 25045, 0.5
7000, 34, 25045, 0.6
7000, 35, 15857, 0.4
7000, 35, 15857, 0.5
7000, 35, 15857, 0.6
7000, 36, 30296, 0.4
7000, 36, 30296, 0.5
7000, 36, 30296, 0.6
7000, 37, 26226, 0.4
7000, 37, 26226, 0.5
7000, 37, 26226, 0.6
7000, 38, 6746, 0.4
7000, 38, 6746, 0.5
7000, 38, 6746, 0.6
7000, 39, 20197, 0.4
7000, 39, 20197, 0.5
7000, 39, 20197, 0.6
7000, 40, 25523, 0.4
7000, 40, 25523, 0.5
7000, 40, 25523, 0.6
7000, 41, 21951, 0.4
7000, 41, 21951, 0.5
7000, 41, 21951, 0.6
7000, 42, 11439, 0.4
7000, 42, 11439, 0.5
7000, 42, 11439, 0.6
7000, 43, 20719, 0.4
7000, 43, 20719, 0.5
7000, 43, 20719, 0.6
7000, 44, 10038, 0.4
7000, 44, 10038, 0.5
7000, 44, 10038, 0.6
7000, 45, 8437, 0.4
7000, 45, 8437, 0.5
7000, 45, 8437, 0.6
7000, 46, 3721, 0.4
7000, 46, 3721, 0.5
7000, 46, 3721, 0.6
7000, 47, 6685, 0.4
7000, 47, 6685, 0.5
7000, 47, 6685, 0.6
7000, 48, 4812, 0.4
7000, 48, 4812, 0.5
7000, 48, 4812, 0.6
7000, 49, 15164, 0.4
7000, 49, 15164, 0.5
7000, 49, 15164, 0.6
7000, 50, 4520, 0.4
7000, 50, 4520, 0.5
7000, 50, 4520, 0.6
14000, 2, 1834, 0.4
14000, 2, 1834, 0.5
14000, 2, 1834, 0.6
14000, 3, 11422, 0.4
14000, 3, 11422, 0.5
14000, 3, 11422, 0.6
14000, 4, 31376, 0.4
14000, 4, 31376, 0.5
14000, 4, 31376, 0.6
14000, 5, 22624, 0.4
14000, 5, 22624, 0.5
14000, 5, 22624, 0.6
14000, 6, 18441, 0.4
14000, 6, 18441, 0.5
14000, 6, 18441, 0.6
14000, 7, 27810, 0.4
14000, 7, 27810, 0.5
14000, 7, 27810, 0.6
14000, 8, 15247, 0.4
14000, 8, 15247, 0.5
14000, 8, 15247, 0.6
14000, 9, 18539, 0.4
14000, 9, 18539, 0.5
14000, 9, 18539, 0.6
14000, 10, 5345, 0.4
14000, 10, 5345, 0.5
14000, 10, 5345, 0.6
14000, 11, 26441, 0.4
14000, 11, 26441, 0.5
14000, 11, 26441, 0.6
14000, 12, 7879, 0.4
14000, 12, 7879, 0.5
14000, 12, 7879, 0.6
14000, 13, 26477, 0.4
14000, 13, 26477, 0.5
14000, 13, 26477, 0.6
14000, 14, 28552, 0.4
14000, 14, 28552, 0.5
14000, 14, 28552, 0.6
14000, 15, 2104, 0.4
14000, 15, 2104, 0.5
14000, 15, 2104, 0.6
14000, 16, 24319, 0.4
14000, 16, 24319, 0.5
14000, 16, 24319, 0.6
14000, 17, 2845, 0.4
14000, 17, 2845, 0.5
14000, 17, 2845, 0.6
14000, 18, 17549, 0.4
14000, 18, 17549, 0.5
14000, 18, 17549, 0.6
14000, 19, 11199, 0.4
14000, 19, 11199, 0.5
14000, 19, 11199, 0.6
14000, 20, 16864, 0.4
14000, 20, 16864, 0.5
14000, 20, 16864, 0.6
14000, 21, 4247, 0.4
14000, 21, 4247, 0.5
14000, 21, 4247, 0.6
14000, 22, 31121, 0.4
14000, 22, 31121, 0.5
14000, 22, 31121, 0.6
14000, 23, 26382, 0.4
14000, 23, 26382, 0.5
14000, 23, 26382, 0.6
14000, 24, 32760, 0.4
14000, 24, 32760, 0.5
14000, 24, 32760, 0.6
14000, 25, 16484, 0.4
14000, 25, 16484, 0.5
14000, 25, 16484, 0.6
14000, 26, 14492, 0.4
14000, 26, 14492, 0.5
14000, 26, 14492, 0.6
14000, 27, 11325, 0.4
14000, 27, 11325, 0.5
14000, 27, 11325, 0.6
14000, 28, 10090, 0.4
14000, 28, 10090, 0.5
14000, 28, 10090, 0.6
14000, 29, 31384, 0.4
14000, 29, 31384, 0.5
14000, 29, 31384, 0.6
14000, 30, 17621, 0.4
14000, 30, 17621, 0.5
14000, 30, 17621, 0.6
14000, 31, 22868, 0.4
14000, 31, 22868, 0.5
14000, 31, 22868, 0.6
14000, 32, 27742, 0.4
14000, 32, 27742, 0.5
14000, 32, 27742, 0.6
14000, 33, 14714, 0.4
14000, 33, 14714, 0.5
14000, 33, 14714, 0.6
14000, 34, 15759, 0.4
14000, 34, 15759, 0.5
14000, 34, 15759, 0.6
14000, 35, 14211, 0.4
14000, 35, 14211, 0.5
14000, 35, 14211, 0.6
14000, 36, 9228, 0.4
14000, 36, 9228, 0.5
14000, 36, 9228, 0.6
14000, 37, 20682, 0.4
14000, 37, 20682, 0.5
14000, 37, 20682, 0.6
14000, 38, 13467, 0.4
14000, 38, 13467, 0.5
14000, 38, 13467, 0.6
14000, 39, 26650, 0.4
14000, 39, 26650, 0.5
14000, 39, 26650, 0.6
14000, 40, 10370, 0.4
14000, 40, 10370, 0.5
14000, 40, 10370, 0.6
14000, 41, 18312, 0.4
14000, 41, 18312, 0.5
14000, 41, 18312, 0.6
14000, 42, 572, 0.4
14000, 42, 572, 0.5
14000, 42, 572, 0.6
14000, 43, 22973, 0.4
14000, 43, 22973, 0.5
14000, 43, 22973, 0.6
14000, 44, 10915, 0.4
14000, 44, 10915, 0.5
14000, 44, 10915, 0.6
14000, 45, 23393, 0.4
14000, 45, 23393, 0.5
14000, 45, 23393, 0.6
14000, 46, 25256, 0.4
14000, 46, 25256, 0.5
14000, 46, 25256, 0.6
14000, 47, 8857, 0.4
14000, 47, 8857, 0.5
14000, 47, 8857, 0.6
14000, 48, 18717, 0.4
14000, 48, 18717, 0.5
14000, 48, 18717, 0.6
14000, 49, 23198, 0.4
14000, 49, 23198, 0.5
14000, 49, 23198, 0.6
14000, 50, 25012, 0.4
14000, 50, 25012, 0.5
14000, 50, 25012, 0.6
