eCM, nPile, seed, R
7000, 2, 21599, 0.4
7000, 2, 21599, 0.5
7000, 2, 21599, 0.6
7000, 3, 23086, 0.4
7000, 3, 23086, 0.5
7000, 3, 23086, 0.6
7000, 4, 16128, 0.4
7000, 4, 16128, 0.5
7000, 4, 16128, 0.6
7000, 5, 29660, 0.4
7000, 5, 29660, 0.5
7000, 5, 29660, 0.6
7000, 6, 12953, 0.4
7000, 6, 12953, 0.5
7000, 6, 12953, 0.6
7000, 7, 6742, 0.4
7000, 7, 6742, 0.5
7000, 7, 6742, 0.6
7000, 8, 20117, 0.4
7000, 8, 20117, 0.5
7000, 8, 20117, 0.6
7000, 9, 17054, 0.4
7000, 9, 17054, 0.5
7000, 9, 17054, 0.6
7000, 10, 16127, 0.4
7000, 10, 16127, 0.5
7000, 10, 16127, 0.6
7000, 11, 4140, 0.4
7000, 11, 4140, 0.5
7000, 11, 4140, 0.6
7000, 12, 26441, 0.4
7000, 12, 26441, 0.5
7000, 12, 26441, 0.6
7000, 13, 13400, 0.4
7000, 13, 13400, 0.5
7000, 13, 13400, 0.6
7000, 14, 13828, 0.4
7000, 14, 13828, 0.5
7000, 14, 13828, 0.6
7000, 15, 25792, 0.4
7000, 15, 25792, 0.5
7000, 15, 25792, 0.6
7000, 16, 13946, 0.4
7000, 16, 13946, 0.5
7000, 16, 13946, 0.6
7000, 17, 20398, 0.4
7000, 17, 20398, 0.5
7000, 17, 20398, 0.6
7000, 18, 20356, 0.4
7000, 18, 20356, 0.5
7000, 18, 20356, 0.6
7000, 19, 8683, 0.4
7000, 19, 8683, 0.5
7000, 19, 8683, 0.6
7000, 20, 8602, 0.4
7000, 20, 8602, 0.5
7000, 20, 8602, 0.6
7000, 21, 23867, 0.4
7000, 21, 23867, 0.5
7000, 21, 23867, 0.6
7000, 22, 8637, 0.4
7000, 22, 8637, 0.5
7000, 22, 8637, 0.6
7000, 23, 19627, 0.4
7000, 23, 19627, 0.5
7000, 23, 19627, 0.6
7000, 24, 9219, 0.4
7000, 24, 9219, 0.5
7000, 24, 9219, 0.6
7000, 25, 6251, 0.4
7000, 25, 6251, 0.5
7000, 25, 6251, 0.6
7000, 26, 24146, 0.4
7000, 26, 24146, 0.5
7000, 26, 24146, 0.6
7000, 27, 10186, 0.4
7000, 27, 10186, 0.5
7000, 27, 10186, 0.6
7000, 28, 6609, 0.4
7000, 28, 6609, 0.5
7000, 28, 6609, 0.6
7000, 29, 4611, 0.4
7000, 29, 4611, 0.5
7000, 29, 4611, 0.6
7000, 30, 22171, 0.4
7000, 30, 22171, 0.5
7000, 30, 22171, 0.6
7000, 31, 10698, 0.4
7000, 31, 10698, 0.5
7000, 31, 10698, 0.6
7000, 32, 20012, 0.4
7000, 32, 20012, 0.5
7000, 32, 20012, 0.6
7000, 33, 2201, 0.4
7000, 33, 2201, 0.5
7000, 33, 2201, 0.6
7000, 34, 19832, 0.4
7000, 34, 19832, 0.5
7000, 34, 19832, 0.6
7000, 35, 12488, 0.4
7000, 35, 12488, 0.5
7000, 35, 12488, 0.6
7000, 36, 30805, 0.4
7000, 36, 30805, 0.5
7000, 36, 30805, 0.6
7000, 37, 23471, 0.4
7000, 37, 23471, 0.5
7000, 37, 23471, 0.6
7000, 38, 27098, 0.4
7000, 38, 27098, 0.5
7000, 38, 27098, 0.6
7000, 39, 4561, 0.4
7000, 39, 4561, 0.5
7000, 39, 4561, 0.6
7000, 40, 23815, 0.4
7000, 40, 23815, 0.5
7000, 40, 23815, 0.6
7000, 41, 17519, 0.4
7000, 41, 17519, 0.5
7000, 41, 17519, 0.6
7000, 42, 2909, 0.4
7000, 42, 2909, 0.5
7000, 42, 2909, 0.6
7000, 43, 16186, 0.4
7000, 43, 16186, 0.5
7000, 43, 16186, 0.6
7000, 44, 17638, 0.4
7000, 44, 17638, 0.5
7000, 44, 17638, 0.6
7000, 45, 5200, 0.4
7000, 45, 5200, 0.5
7000, 45, 5200, 0.6
7000, 46, 15810, 0.4
7000, 46, 15810, 0.5
7000, 46, 15810, 0.6
7000, 47, 13286, 0.4
7000, 47, 13286, 0.5
7000, 47, 13286, 0.6
7000, 48, 5521, 0.4
7000, 48, 5521, 0.5
7000, 48, 5521, 0.6
7000, 49, 12506, 0.4
7000, 49, 12506, 0.5
7000, 49, 12506, 0.6
7000, 50, 31342, 0.4
7000, 50, 31342, 0.5
7000, 50, 31342, 0.6
14000, 2, 27037, 0.4
14000, 2, 27037, 0.5
14000, 2, 27037, 0.6
14000, 3, 30749, 0.4
14000, 3, 30749, 0.5
14000, 3, 30749, 0.6
14000, 4, 775, 0.4
14000, 4, 775, 0.5
14000, 4, 775, 0.6
14000, 5, 7296, 0.4
14000, 5, 7296, 0.5
14000, 5, 7296, 0.6
14000, 6, 15245, 0.4
14000, 6, 15245, 0.5
14000, 6, 15245, 0.6
14000, 7, 27489, 0.4
14000, 7, 27489, 0.5
14000, 7, 27489, 0.6
14000, 8, 19367, 0.4
14000, 8, 19367, 0.5
14000, 8, 19367, 0.6
14000, 9, 31543, 0.4
14000, 9, 31543, 0.5
14000, 9, 31543, 0.6
14000, 10, 3587, 0.4
14000, 10, 3587, 0.5
14000, 10, 3587, 0.6
14000, 11, 1666, 0.4
14000, 11, 1666, 0.5
14000, 11, 1666, 0.6
14000, 12, 1209, 0.4
14000, 12, 1209, 0.5
14000, 12, 1209, 0.6
14000, 13, 26066, 0.4
14000, 13, 26066, 0.5
14000, 13, 26066, 0.6
14000, 14, 5950, 0.4
14000, 14, 5950, 0.5
14000, 14, 5950, 0.6
14000, 15, 14192, 0.4
14000, 15, 14192, 0.5
14000, 15, 14192, 0.6
14000, 16, 30567, 0.4
14000, 16, 30567, 0.5
14000, 16, 30567, 0.6
14000, 17, 19212, 0.4
14000, 17, 19212, 0.5
14000, 17, 19212, 0.6
14000, 18, 23563, 0.4
14000, 18, 23563, 0.5
14000, 18, 23563, 0.6
14000, 19, 7310, 0.4
14000, 19, 7310, 0.5
14000, 19, 7310, 0.6
14000, 20, 2129, 0.4
14000, 20, 2129, 0.5
14000, 20, 2129, 0.6
14000, 21, 18211, 0.4
14000, 21, 18211, 0.5
14000, 21, 18211, 0.6
14000, 22, 3090, 0.4
14000, 22, 3090, 0.5
14000, 22, 3090, 0.6
14000, 23, 16516, 0.4
14000, 23, 16516, 0.5
14000, 23, 16516, 0.6
14000, 24, 15506, 0.4
14000, 24, 15506, 0.5
14000, 24, 15506, 0.6
14000, 25, 20220, 0.4
14000, 25, 20220, 0.5
14000, 25, 20220, 0.6
14000, 26, 10981, 0.4
14000, 26, 10981, 0.5
14000, 26, 10981, 0.6
14000, 27, 31060, 0.4
14000, 27, 31060, 0.5
14000, 27, 31060, 0.6
14000, 28, 17108, 0.4
14000, 28, 17108, 0.5
14000, 28, 17108, 0.6
14000, 29, 16128, 0.4
14000, 29, 16128, 0.5
14000, 29, 16128, 0.6
14000, 30, 18257, 0.4
14000, 30, 18257, 0.5
14000, 30, 18257, 0.6
14000, 31, 22908, 0.4
14000, 31, 22908, 0.5
14000, 31, 22908, 0.6
14000, 32, 31808, 0.4
14000, 32, 31808, 0.5
14000, 32, 31808, 0.6
14000, 33, 6372, 0.4
14000, 33, 6372, 0.5
14000, 33, 6372, 0.6
14000, 34, 18284, 0.4
14000, 34, 18284, 0.5
14000, 34, 18284, 0.6
14000, 35, 22639, 0.4
14000, 35, 22639, 0.5
14000, 35, 22639, 0.6
14000, 36, 10962, 0.4
14000, 36, 10962, 0.5
14000, 36, 10962, 0.6
14000, 37, 25105, 0.4
14000, 37, 25105, 0.5
14000, 37, 25105, 0.6
14000, 38, 5687, 0.4
14000, 38, 5687, 0.5
14000, 38, 5687, 0.6
14000, 39, 7768, 0.4
14000, 39, 7768, 0.5
14000, 39, 7768, 0.6
14000, 40, 24600, 0.4
14000, 40, 24600, 0.5
14000, 40, 24600, 0.6
14000, 41, 3147, 0.4
14000, 41, 3147, 0.5
14000, 41, 3147, 0.6
14000, 42, 18984, 0.4
14000, 42, 18984, 0.5
14000, 42, 18984, 0.6
14000, 43, 13333, 0.4
14000, 43, 13333, 0.5
14000, 43, 13333, 0.6
14000, 44, 4812, 0.4
14000, 44, 4812, 0.5
14000, 44, 4812, 0.6
14000, 45, 22057, 0.4
14000, 45, 22057, 0.5
14000, 45, 22057, 0.6
14000, 46, 24319, 0.4
14000, 46, 24319, 0.5
14000, 46, 24319, 0.6
14000, 47, 31832, 0.4
14000, 47, 31832, 0.5
14000, 47, 31832, 0.6
14000, 48, 13286, 0.4
14000, 48, 13286, 0.5
14000, 48, 13286, 0.6
14000, 49, 6819, 0.4
14000, 49, 6819, 0.5
14000, 49, 6819, 0.6
14000, 50, 3093, 0.4
14000, 50, 3093, 0.5
14000, 50, 3093, 0.6
