eCM, nPile, seed, R
7000, 2, 23172, 0.4
7000, 2, 23172, 0.5
7000, 2, 23172, 0.6
7000, 3, 14579, 0.4
7000, 3, 14579, 0.5
7000, 3, 14579, 0.6
7000, 4, 7521, 0.4
7000, 4, 7521, 0.5
7000, 4, 7521, 0.6
7000, 5, 8566, 0.4
7000, 5, 8566, 0.5
7000, 5, 8566, 0.6
7000, 6, 8400, 0.4
7000, 6, 8400, 0.5
7000, 6, 8400, 0.6
7000, 7, 22883, 0.4
7000, 7, 22883, 0.5
7000, 7, 22883, 0.6
7000, 8, 16179, 0.4
7000, 8, 16179, 0.5
7000, 8, 16179, 0.6
7000, 9, 715, 0.4
7000, 9, 715, 0.5
7000, 9, 715, 0.6
7000, 10, 14459, 0.4
7000, 10, 14459, 0.5
7000, 10, 14459, 0.6
7000, 11, 15649, 0.4
7000, 11, 15649, 0.5
7000, 11, 15649, 0.6
7000, 12, 4892, 0.4
7000, 12, 4892, 0.5
7000, 12, 4892, 0.6
7000, 13, 21369, 0.4
7000, 13, 21369, 0.5
7000, 13, 21369, 0.6
7000, 14, 23117, 0.4
7000, 14, 23117, 0.5
7000, 14, 23117, 0.6
7000, 15, 17306, 0.4
7000, 15, 17306, 0.5
7000, 15, 17306, 0.6
7000, 16, 27349, 0.4
7000, 16, 27349, 0.5
7000, 16, 27349, 0.6
7000, 17, 32357, 0.4
7000, 17, 32357, 0.5
7000, 17, 32357, 0.6
7000, 18, 29405, 0.4
7000, 18, 29405, 0.5
7000, 18, 29405, 0.6
7000, 19, 14359, 0.4
7000, 19, 14359, 0.5
7000, 19, 14359, 0.6
7000, 20, 18769, 0.4
7000, 20, 18769, 0.5
7000, 20, 18769, 0.6
7000, 21, 4033, 0.4
7000, 21, 4033, 0.5
7000, 21, 4033, 0.6
7000, 22, 4402, 0.4
7000, 22, 4402, 0.5
7000, 22, 4402, 0.6
7000, 23, 10788, 0.4
7000, 23, 10788, 0.5
7000, 23, 10788, 0.6
7000, 24, 20788, 0.4
7000, 24, 20788, 0.5
7000, 24, 20788, 0.6
7000, 25, 19847, 0.4
7000, 25, 19847, 0.5
7000, 25, 19847, 0.6
7000, 26, 6411, 0.4
7000, 26, 6411, 0.5
7000, 26, 6411, 0.6
7000, 27, 27627, 0.4
7000, 27, 27627, 0.5
7000, 27, 27627, 0.6
7000, 28, 18456, 0.4
7000, 28, 18456, 0.5
7000, 28, 18456, 0.6
7000, 29, 15725, 0.4
7000, 29, 15725, 0.5
7000, 29, 15725, 0.6
7000, 30, 27280, 0.4
7000, 30, 27280, 0.5
7000, 30, 27280, 0.6
7000, 31, 27749, 0.4
7000, 31, 27749, 0.5
7000, 31, 27749, 0.6
7000, 32, 635, 0.4
7000, 32, 635, 0.5
7000, 32, 635, 0.6
7000, 33, 11868, 0.4
7000, 33, 11868, 0.5
7000, 33, 11868, 0.6
7000, 34, 26334, 0.4
7000, 34, 26334, 0.5
7000, 34, 26334, 0.6
7000, 35, 5851, 0.4
7000, 35, 5851, 0.5
7000, 35, 5851, 0.6
7000, 36, 12486, 0.4
7000, 36, 12486, 0.5
7000, 36, 12486, 0.6
7000, 37, 16285, 0.4
7000, 37, 16285, 0.5
7000, 37, 16285, 0.6
7000, 38, 10878, 0.4
7000, 38, 10878, 0.5
7000, 38, 10878, 0.6
7000, 39, 196, 0.4
7000, 39, 196, 0.5
7000, 39, 196, 0.6
7000, 40, 5987, 0.4
7000, 40, 5987, 0.5
7000, 40, 5987, 0.6
7000, 41, 7966, 0.4
7000, 41, 7966, 0.5
7000, 41, 7966, 0.6
7000, 42, 14133, 0.4
7000, 42, 14133, 0.5
7000, 42, 14133, 0.6
7000, 43, 15891, 0.4
7000, 43, 15891, 0.5
7000, 43, 15891, 0.6
7000, 44, 31128, 0.4
7000, 44, 31128, 0.5
7000, 44, 31128, 0.6
7000, 45, 12934, 0.4
7000, 45, 12934, 0.5
7000, 45, 12934, 0.6
7000, 46, 6583, 0.4
7000, 46, 6583, 0.5
7000, 46, 6583, 0.6
7000, 47, 4945, 0.4
7000, 47, 4945, 0.5
7000, 47, 4945, 0.6
7000, 48, 22977, 0.4
7000, 48, 22977, 0.5
7000, 48, 22977, 0.6
7000, 49, 20885, 0.4
7000, 49, 20885, 0.5
7000, 49, 20885, 0.6
7000, 50, 19517, 0.4
7000, 50, 19517, 0.5
7000, 50, 19517, 0.6
14000, 2, 3674, 0.4
14000, 2, 3674, 0.5
14000, 2, 3674, 0.6
14000, 3, 28729, 0.4
14000, 3, 28729, 0.5
14000, 3, 28729, 0.6
14000, 4, 1059, 0.4
14000, 4, 1059, 0.5
14000, 4, 1059, 0.6
14000, 5, 17938, 0.4
14000, 5, 17938, 0.5
14000, 5, 17938, 0.6
14000, 6, 27112, 0.4
14000, 6, 27112, 0.5
14000, 6, 27112, 0.6
14000, 7, 11738, 0.4
14000, 7, 11738, 0.5
14000, 7, 11738, 0.6
14000, 8, 5982, 0.4
14000, 8, 5982, 0.5
14000, 8, 5982, 0.6
14000, 9, 28961, 0.4
14000, 9, 28961, 0.5
14000, 9, 28961, 0.6
14000, 10, 31800, 0.4
14000, 10, 31800, 0.5
14000, 10, 31800, 0.6
14000, 11, 32563, 0.4
14000, 11, 32563, 0.5
14000, 11, 32563, 0.6
14000, 12, 16113, 0.4
14000, 12, 16113, 0.5
14000, 12, 16113, 0.6
14000, 13, 3692, 0.4
14000, 13, 3692, 0.5
14000, 13, 3692, 0.6
14000, 14, 9742, 0.4
14000, 14, 9742, 0.5
14000, 14, 9742, 0.6
14000, 15, 13442, 0.4
14000, 15, 13442, 0.5
14000, 15, 13442, 0.6
14000, 16, 29351, 0.4
14000, 16, 29351, 0.5
14000, 16, 29351, 0.6
14000, 17, 22870, 0.4
14000, 17, 22870, 0.5
14000, 17, 22870, 0.6
14000, 18, 20253, 0.4
14000, 18, 20253, 0.5
14000, 18, 20253, 0.6
14000, 19, 8531, 0.4
14000, 19, 8531, 0.5
14000, 19, 8531, 0.6
14000, 20, 8295, 0.4
14000, 20, 8295, 0.5
14000, 20, 8295, 0.6
14000, 21, 1174, 0.4
14000, 21, 1174, 0.5
14000, 21, 1174, 0.6
14000, 22, 22314, 0.4
14000, 22, 22314, 0.5
14000, 22, 22314, 0.6
14000, 23, 21532, 0.4
14000, 23, 21532, 0.5
14000, 23, 21532, 0.6
14000, 24, 21163, 0.4
14000, 24, 21163, 0.5
14000, 24, 21163, 0.6
14000, 25, 6137, 0.4
14000, 25, 6137, 0.5
14000, 25, 6137, 0.6
14000, 26, 7946, 0.4
14000, 26, 7946, 0.5
14000, 26, 7946, 0.6
14000, 27, 5646, 0.4
14000, 27, 5646, 0.5
14000, 27, 5646, 0.6
14000, 28, 6577, 0.4
14000, 28, 6577, 0.5
14000, 28, 6577, 0.6
14000, 29, 3024, 0.4
14000, 29, 3024, 0.5
14000, 29, 3024, 0.6
14000, 30, 13704, 0.4
14000, 30, 13704, 0.5
14000, 30, 13704, 0.6
14000, 31, 17085, 0.4
14000, 31, 17085, 0.5
14000, 31, 17085, 0.6
14000, 32, 17615, 0.4
14000, 32, 17615, 0.5
14000, 32, 17615, 0.6
14000, 33, 11405, 0.4
14000, 33, 11405, 0.5
14000, 33, 11405, 0.6
14000, 34, 14324, 0.4
14000, 34, 14324, 0.5
14000, 34, 14324, 0.6
14000, 35, 17231, 0.4
14000, 35, 17231, 0.5
14000, 35, 17231, 0.6
14000, 36, 14005, 0.4
14000, 36, 14005, 0.5
14000, 36, 14005, 0.6
14000, 37, 32736, 0.4
14000, 37, 32736, 0.5
14000, 37, 32736, 0.6
14000, 38, 903, 0.4
14000, 38, 903, 0.5
14000, 38, 903, 0.6
14000, 39, 24106, 0.4
14000, 39, 24106, 0.5
14000, 39, 24106, 0.6
14000, 40, 25279, 0.4
14000, 40, 25279, 0.5
14000, 40, 25279, 0.6
14000, 41, 13223, 0.4
14000, 41, 13223, 0.5
14000, 41, 13223, 0.6
14000, 42, 28418, 0.4
14000, 42, 28418, 0.5
14000, 42, 28418, 0.6
14000, 43, 4920, 0.4
14000, 43, 4920, 0.5
14000, 43, 4920, 0.6
14000, 44, 32117, 0.4
14000, 44, 32117, 0.5
14000, 44, 32117, 0.6
14000, 45, 13321, 0.4
14000, 45, 13321, 0.5
14000, 45, 13321, 0.6
14000, 46, 28903, 0.4
14000, 46, 28903, 0.5
14000, 46, 28903, 0.6
14000, 47, 7381, 0.4
14000, 47, 7381, 0.5
14000, 47, 7381, 0.6
14000, 48, 2723, 0.4
14000, 48, 2723, 0.5
14000, 48, 2723, 0.6
14000, 49, 30290, 0.4
14000, 49, 30290, 0.5
14000, 49, 30290, 0.6
14000, 50, 20206, 0.4
14000, 50, 20206, 0.5
14000, 50, 20206, 0.6
