eCM, nPile, seed, R
7000, 2, 11794, 0.4
7000, 2, 11794, 0.5
7000, 2, 11794, 0.6
7000, 3, 23510, 0.4
7000, 3, 23510, 0.5
7000, 3, 23510, 0.6
7000, 4, 24204, 0.4
7000, 4, 24204, 0.5
7000, 4, 24204, 0.6
7000, 5, 22477, 0.4
7000, 5, 22477, 0.5
7000, 5, 22477, 0.6
7000, 6, 5380, 0.4
7000, 6, 5380, 0.5
7000, 6, 5380, 0.6
7000, 7, 3604, 0.4
7000, 7, 3604, 0.5
7000, 7, 3604, 0.6
7000, 8, 25340, 0.4
7000, 8, 25340, 0.5
7000, 8, 25340, 0.6
7000, 9, 20930, 0.4
7000, 9, 20930, 0.5
7000, 9, 20930, 0.6
7000, 10, 13627, 0.4
7000, 10, 13627, 0.5
7000, 10, 13627, 0.6
7000, 11, 27404, 0.4
7000, 11, 27404, 0.5
7000, 11, 27404, 0.6
7000, 12, 14866, 0.4
7000, 12, 14866, 0.5
7000, 12, 14866, 0.6
7000, 13, 16649, 0.4
7000, 13, 16649, 0.5
7000, 13, 16649, 0.6
7000, 14, 23495, 0.4
7000, 14, 23495, 0.5
7000, 14, 23495, 0.6
7000, 15, 2894, 0.4
7000, 15, 2894, 0.5
7000, 15, 2894, 0.6
7000, 16, 23226, 0.4
7000, 16, 23226, 0.5
7000, 16, 23226, 0.6
7000, 17, 14029, 0.4
7000, 17, 14029, 0.5
7000, 17, 14029, 0.6
7000, 18, 27988, 0.4
7000, 18, 27988, 0.5
7000, 18, 27988, 0.6
7000, 19, 19731, 0.4
7000, 19, 19731, 0.5
7000, 19, 19731, 0.6
7000, 20, 23604, 0.4
7000, 20, 23604, 0.5
7000, 20, 23604, 0.6
7000, 21, 696, 0.4
7000, 21, 696, 0.5
7000, 21, 696, 0.6
7000, 22, 16462, 0.4
7000, 22, 16462, 0.5
7000, 22, 16462, 0.6
7000, 23, 4627, 0.4
7000, 23, 4627, 0.5
7000, 23, 4627, 0.6
7000, 24, 19469, 0.4
7000, 24, 19469, 0.5
7000, 24, 19469, 0.6
7000, 25, 4432, 0.4
7000, 25, 4432, 0.5
7000, 25, 4432, 0.6
7000, 26, 15339, 0.4
7000, 26, 15339, 0.5
7000, 26, 15339, 0.6
7000, 27, 3185, 0.4
7000, 27, 3185, 0.5
7000, 27, 3185, 0.6
7000, 28, 32199, 0.4
7000, 28, 32199, 0.5
7000, 28, 32199, 0.6
7000, 29, 25726, 0.4
7000, 29, 25726, 0.5
7000, 29, 25726, 0.6
7000, 30, 15891, 0.4
7000, 30, 15891, 0.5
7000, 30, 15891, 0.6
7000, 31, 5587, 0.4
7000, 31, 5587, 0.5
7000, 31, 5587, 0.6
7000, 32, 32704, 0.4
7000, 32, 32704, 0.5
7000, 32, 32704, 0.6
7000, 33, 13215, 0.4
7000, 33, 13215, 0.5
7000, 33, 13215, 0.6
7000, 34, 14843, 0.4
7000, 34, 14843, 0.5
7000, 34, 14843, 0.6
7000, 35, 17996, 0.4
7000, 35, 17996, 0.5
7000, 35, 17996, 0.6
7000, 36, 22553, 0.4
7000, 36, 22553, 0.5
7000, 36, 22553, 0.6
7000, 37, 8712, 0.4
7000, 37, 8712, 0.5
7000, 37, 8712, 0.6
7000, 38, 27557, 0.4
7000, 38, 27557, 0.5
7000, 38, 27557, 0.6
7000, 39, 25237, 0.4
7000, 39, 25237, 0.5
7000, 39, 25237, 0.6
7000, 40, 24361, 0.4
7000, 40, 24361, 0.5
7000, 40, 24361, 0.6
7000, 41, 8272, 0.4
7000, 41, 8272, 0.5
7000, 41, 8272, 0.6
7000, 42, 15117, 0.4
7000, 42, 15117, 0.5
7000, 42, 15117, 0.6
7000, 43, 4283, 0.4
7000, 43, 4283, 0.5
7000, 43, 4283, 0.6
7000, 44, 12782, 0.4
7000, 44, 12782, 0.5
7000, 44, 12782, 0.6
7000, 45, 12427, 0.4
7000, 45, 12427, 0.5
7000, 45, 12427, 0.6
7000, 46, 12852, 0.4
7000, 46, 12852, 0.5
7000, 46, 12852, 0.6
7000, 47, 10232, 0.4
7000, 47, 10232, 0.5
7000, 47, 10232, 0.6
7000, 48, 13727, 0.4
7000, 48, 13727, 0.5
7000, 48, 13727, 0.6
7000, 49, 12527, 0.4
7000, 49, 12527, 0.5
7000, 49, 12527, 0.6
7000, 50, 27680, 0.4
7000, 50, 27680, 0.5
7000, 50, 27680, 0.6
14000, 2, 24494, 0.4
14000, 2, 24494, 0.5
14000, 2, 24494, 0.6
14000, 3, 15203, 0.4
14000, 3, 15203, 0.5
14000, 3, 15203, 0.6
14000, 4, 15426, 0.4
14000, 4, 15426, 0.5
14000, 4, 15426, 0.6
14000, 5, 12716, 0.4
14000, 5, 12716, 0.5
14000, 5, 12716, 0.6
14000, 6, 13014, 0.4
14000, 6, 13014, 0.5
14000, 6, 13014, 0.6
14000, 7, 18978, 0.4
14000, 7, 18978, 0.5
14000, 7, 18978, 0.6
14000, 8, 16859, 0.4
14000, 8, 16859, 0.5
14000, 8, 16859, 0.6
14000, 9, 15185, 0.4
14000, 9, 15185, 0.5
14000, 9, 15185, 0.6
14000, 10, 3375, 0.4
14000, 10, 3375, 0.5
14000, 10, 3375, 0.6
14000, 11, 16240, 0.4
14000, 11, 16240, 0.5
14000, 11, 16240, 0.6
14000, 12, 3866, 0.4
14000, 12, 3866, 0.5
14000, 12, 3866, 0.6
14000, 13, 7244, 0.4
14000, 13, 7244, 0.5
14000, 13, 7244, 0.6
14000, 14, 27368, 0.4
14000, 14, 27368, 0.5
14000, 14, 27368, 0.6
14000, 15, 23044, 0.4
14000, 15, 23044, 0.5
14000, 15, 23044, 0.6
14000, 16, 4709, 0.4
14000, 16, 4709, 0.5
14000, 16, 4709, 0.6
14000, 17, 23936, 0.4
14000, 17, 23936, 0.5
14000, 17, 23936, 0.6
14000, 18, 21089, 0.4
14000, 18, 21089, 0.5
14000, 18, 21089, 0.6
14000, 19, 14046, 0.4
14000, 19, 14046, 0.5
14000, 19, 14046, 0.6
14000, 20, 25905, 0.4
14000, 20, 25905, 0.5
14000, 20, 25905, 0.6
14000, 21, 10340, 0.4
14000, 21, 10340, 0.5
14000, 21, 10340, 0.6
14000, 22, 27348, 0.4
14000, 22, 27348, 0.5
14000, 22, 27348, 0.6
14000, 23, 23328, 0.4
14000, 23, 23328, 0.5
14000, 23, 23328, 0.6
14000, 24, 27737, 0.4
14000, 24, 27737, 0.5
14000, 24, 27737, 0.6
14000, 25, 27579, 0.4
14000, 25, 27579, 0.5
14000, 25, 27579, 0.6
14000, 26, 28757, 0.4
14000, 26, 28757, 0.5
14000, 26, 28757, 0.6
14000, 27, 32341, 0.4
14000, 27, 32341, 0.5
14000, 27, 32341, 0.6
14000, 28, 7808, 0.4
14000, 28, 7808, 0.5
14000, 28, 7808, 0.6
14000, 29, 964, 0.4
14000, 29, 964, 0.5
14000, 29, 964, 0.6
14000, 30, 27666, 0.4
14000, 30, 27666, 0.5
14000, 30, 27666, 0.6
14000, 31, 20222, 0.4
14000, 31, 20222, 0.5
14000, 31, 20222, 0.6
14000, 32, 15167, 0.4
14000, 32, 15167, 0.5
14000, 32, 15167, 0.6
14000, 33, 29015, 0.4
14000, 33, 29015, 0.5
14000, 33, 29015, 0.6
14000, 34, 15434, 0.4
14000, 34, 15434, 0.5
14000, 34, 15434, 0.6
14000, 35, 22379, 0.4
14000, 35, 22379, 0.5
14000, 35, 22379, 0.6
14000, 36, 21372, 0.4
14000, 36, 21372, 0.5
14000, 36, 21372, 0.6
14000, 37, 20416, 0.4
14000, 37, 20416, 0.5
14000, 37, 20416, 0.6
14000, 38, 28334, 0.4
14000, 38, 28334, 0.5
14000, 38, 28334, 0.6
14000, 39, 6744, 0.4
14000, 39, 6744, 0.5
14000, 39, 6744, 0.6
14000, 40, 25349, 0.4
14000, 40, 25349, 0.5
14000, 40, 25349, 0.6
14000, 41, 8642, 0.4
14000, 41, 8642, 0.5
14000, 41, 8642, 0.6
14000, 42, 2175, 0.4
14000, 42, 2175, 0.5
14000, 42, 2175, 0.6
14000, 43, 2238, 0.4
14000, 43, 2238, 0.5
14000, 43, 2238, 0.6
14000, 44, 4099, 0.4
14000, 44, 4099, 0.5
14000, 44, 4099, 0.6
14000, 45, 29666, 0.4
14000, 45, 29666, 0.5
14000, 45, 29666, 0.6
14000, 46, 9995, 0.4
14000, 46, 9995, 0.5
14000, 46, 9995, 0.6
14000, 47, 8041, 0.4
14000, 47, 8041, 0.5
14000, 47, 8041, 0.6
14000, 48, 27847, 0.4
14000, 48, 27847, 0.5
14000, 48, 27847, 0.6
14000, 49, 22185, 0.4
14000, 49, 22185, 0.5
14000, 49, 22185, 0.6
14000, 50, 13928, 0.4
14000, 50, 13928, 0.5
14000, 50, 13928, 0.6
