eCM, nPile, seed, R
7000, 2, 5029, 0.4
7000, 2, 5029, 0.5
7000, 2, 5029, 0.6
7000, 3, 29555, 0.4
7000, 3, 29555, 0.5
7000, 3, 29555, 0.6
7000, 4, 17956, 0.4
7000, 4, 17956, 0.5
7000, 4, 17956, 0.6
7000, 5, 12818, 0.4
7000, 5, 12818, 0.5
7000, 5, 12818, 0.6
7000, 6, 4611, 0.4
7000, 6, 4611, 0.5
7000, 6, 4611, 0.6
7000, 7, 20299, 0.4
7000, 7, 20299, 0.5
7000, 7, 20299, 0.6
7000, 8, 31755, 0.4
7000, 8, 31755, 0.5
7000, 8, 31755, 0.6
7000, 9, 30680, 0.4
7000, 9, 30680, 0.5
7000, 9, 30680, 0.6
7000, 10, 15157, 0.4
7000, 10, 15157, 0.5
7000, 10, 15157, 0.6
7000, 11, 28561, 0.4
7000, 11, 28561, 0.5
7000, 11, 28561, 0.6
7000, 12, 24907, 0.4
7000, 12, 24907, 0.5
7000, 12, 24907, 0.6
7000, 13, 15314, 0.4
7000, 13, 15314, 0.5
7000, 13, 15314, 0.6
7000, 14, 10649, 0.4
7000, 14, 10649, 0.5
7000, 14, 10649, 0.6
7000, 15, 9303, 0.4
7000, 15, 9303, 0.5
7000, 15, 9303, 0.6
7000, 16, 31010, 0.4
7000, 16, 31010, 0.5
7000, 16, 31010, 0.6
7000, 17, 25497, 0.4
7000, 17, 25497, 0.5
7000, 17, 25497, 0.6
7000, 18, 9034, 0.4
7000, 18, 9034, 0.5
7000, 18, 9034, 0.6
7000, 19, 6907, 0.4
7000, 19, 6907, 0.5
7000, 19, 6907, 0.6
7000, 20, 2719, 0.4
7000, 20, 2719, 0.5
7000, 20, 2719, 0.6
7000, 21, 7041, 0.4
7000, 21, 7041, 0.5
7000, 21, 7041, 0.6
7000, 22, 26790, 0.4
7000, 22, 26790, 0.5
7000, 22, 26790, 0.6
7000, 23, 13789, 0.4
7000, 23, 13789, 0.5
7000, 23, 13789, 0.6
7000, 24, 6587, 0.4
7000, 24, 6587, 0.5
7000, 24, 6587, 0.6
7000, 25, 27880, 0.4
7000, 25, 27880, 0.5
7000, 25, 27880, 0.6
7000, 26, 12009, 0.4
7000, 26, 12009, 0.5
7000, 26, 12009, 0.6
7000, 27, 29208, 0.4
7000, 27, 29208, 0.5
7000, 27, 29208, 0.6
7000, 28, 22857, 0.4
7000, 28, 22857, 0.5
7000, 28, 22857, 0.6
7000, 29, 26867, 0.4
7000, 29, 26867, 0.5
7000, 29, 26867, 0.6
7000, 30, 29715, 0.4
7000, 30, 29715, 0.5
7000, 30, 29715, 0.6
7000, 31, 11737, 0.4
7000, 31, 11737, 0.5
7000, 31, 11737, 0.6
7000, 32, 11739, 0.4
7000, 32, 11739, 0.5
7000, 32, 11739, 0.6
7000, 33, 13213, 0.4
7000, 33, 13213, 0.5
7000, 33, 13213, 0.6
7000, 34, 10770, 0.4
7000, 34, 10770, 0.5
7000, 34, 10770, 0.6
7000, 35, 24619, 0.4
7000, 35, 24619, 0.5
7000, 35, 24619, 0.6
7000, 36, 23492, 0.4
7000, 36, 23492, 0.5
7000, 36, 23492, 0.6
7000, 37, 26164, 0.4
7000, 37, 26164, 0.5
7000, 37, 26164, 0.6
7000, 38, 7505, 0.4
7000, 38, 7505, 0.5
7000, 38, 7505, 0.6
7000, 39, 20519, 0.4
7000, 39, 20519, 0.5
7000, 39, 20519, 0.6
7000, 40, 21076, 0.4
7000, 40, 21076, 0.5
7000, 40, 21076, 0.6
7000, 41, 9807, 0.4
7000, 41, 9807, 0.5
7000, 41, 9807, 0.6
7000, 42, 16212, 0.4
7000, 42, 16212, 0.5
7000, 42, 16212, 0.6
7000, 43, 22680, 0.4
7000, 43, 22680, 0.5
7000, 43, 22680, 0.6
7000, 44, 5444, 0.4
7000, 44, 5444, 0.5
7000, 44, 5444, 0.6
7000, 45, 21599, 0.4
7000, 45, 21599, 0.5
7000, 45, 21599, 0.6
7000, 46, 23834, 0.4
7000, 46, 23834, 0.5
7000, 46, 23834, 0.6
7000, 47, 30306, 0.4
7000, 47, 30306, 0.5
7000, 47, 30306, 0.6
7000, 48, 16209, 0.4
7000, 48, 16209, 0.5
7000, 48, 16209, 0.6
7000, 49, 11811, 0.4
7000, 49, 11811, 0.5
7000, 49, 11811, 0.6
7000, 50, 7283, 0.4
7000, 50, 7283, 0.5
7000, 50, 7283, 0.6
14000, 2, 28834, 0.4
14000, 2, 28834, 0.5
14000, 2, 28834, 0.6
14000, 3, 21479, 0.4
14000, 3, 21479, 0.5
14000, 3, 21479, 0.6
14000, 4, 12544, 0.4
14000, 4, 12544, 0.5
14000, 4, 12544, 0.6
14000, 5, 9023, 0.4
14000, 5, 9023, 0.5
14000, 5, 9023, 0.6
14000, 6, 14310, 0.4
14000, 6, 14310, 0.5
14000, 6, 14310, 0.6
14000, 7, 10403, 0.4
14000, 7, 10403, 0.5
14000, 7, 10403, 0.6
14000, 8, 17063, 0.4
14000, 8, 17063, 0.5
14000, 8, 17063, 0.6
14000, 9, 1674, 0.4
14000, 9, 1674, 0.5
14000, 9, 1674, 0.6
14000, 10, 6662, 0.4
14000, 10, 6662, 0.5
14000, 10, 6662, 0.6
14000, 11, 15177, 0.4
14000, 11, 15177, 0.5
14000, 11, 15177, 0.6
14000, 12, 22848, 0.4
14000, 12, 22848, 0.5
14000, 12, 22848, 0.6
14000, 13, 21805, 0.4
14000, 13, 21805, 0.5
14000, 13, 21805, 0.6
14000, 14, 23027, 0.4
14000, 14, 23027, 0.5
14000, 14, 23027, 0.6
14000, 15, 12616, 0.4
14000, 15, 12616, 0.5
14000, 15, 12616, 0.6
14000, 16, 3562, 0.4
14000, 16, 3562, 0.5
14000, 16, 3562, 0.6
14000, 17, 18697, 0.4
14000, 17, 18697, 0.5
14000, 17, 18697, 0.6
14000, 18, 7334, 0.4
14000, 18, 7334, 0.5
14000, 18, 7334, 0.6
14000, 19, 1890, 0.4
14000, 19, 1890, 0.5
14000, 19, 1890, 0.6
14000, 20, 31433, 0.4
14000, 20, 31433, 0.5
14000, 20, 31433, 0.6
14000, 21, 29077, 0.4
14000, 21, 29077, 0.5
14000, 21, 29077, 0.6
14000, 22, 6523, 0.4
14000, 22, 6523, 0.5
14000, 22, 6523, 0.6
14000, 23, 7156, 0.4
14000, 23, 7156, 0.5
14000, 23, 7156, 0.6
14000, 24, 27866, 0.4
14000, 24, 27866, 0.5
14000, 24, 27866, 0.6
14000, 25, 31608, 0.4
14000, 25, 31608, 0.5
14000, 25, 31608, 0.6
14000, 26, 19049, 0.4
14000, 26, 19049, 0.5
14000, 26, 19049, 0.6
14000, 27, 21378, 0.4
14000, 27, 21378, 0.5
14000, 27, 21378, 0.6
14000, 28, 13517, 0.4
14000, 28, 13517, 0.5
14000, 28, 13517, 0.6
14000, 29, 14143, 0.4
14000, 29, 14143, 0.5
14000, 29, 14143, 0.6
14000, 30, 9803, 0.4
14000, 30, 9803, 0.5
14000, 30, 9803, 0.6
14000, 31, 12942, 0.4
14000, 31, 12942, 0.5
14000, 31, 12942, 0.6
14000, 32, 20635, 0.4
14000, 32, 20635, 0.5
14000, 32, 20635, 0.6
14000, 33, 9195, 0.4
14000, 33, 9195, 0.5
14000, 33, 9195, 0.6
14000, 34, 21737, 0.4
14000, 34, 21737, 0.5
14000, 34, 21737, 0.6
14000, 35, 13389, 0.4
14000, 35, 13389, 0.5
14000, 35, 13389, 0.6
14000, 36, 1671, 0.4
14000, 36, 1671, 0.5
14000, 36, 1671, 0.6
14000, 37, 20064, 0.4
14000, 37, 20064, 0.5
14000, 37, 20064, 0.6
14000, 38, 22032, 0.4
14000, 38, 22032, 0.5
14000, 38, 22032, 0.6
14000, 39, 23388, 0.4
14000, 39, 23388, 0.5
14000, 39, 23388, 0.6
14000, 40, 16867, 0.4
14000, 40, 16867, 0.5
14000, 40, 16867, 0.6
14000, 41, 19075, 0.4
14000, 41, 19075, 0.5
14000, 41, 19075, 0.6
14000, 42, 1568, 0.4
14000, 42, 1568, 0.5
14000, 42, 1568, 0.6
14000, 43, 19558, 0.4
14000, 43, 19558, 0.5
14000, 43, 19558, 0.6
14000, 44, 28762, 0.4
14000, 44, 28762, 0.5
14000, 44, 28762, 0.6
14000, 45, 25384, 0.4
14000, 45, 25384, 0.5
14000, 45, 25384, 0.6
14000, 46, 2544, 0.4
14000, 46, 2544, 0.5
14000, 46, 2544, 0.6
14000, 47, 11664, 0.4
14000, 47, 11664, 0.5
14000, 47, 11664, 0.6
14000, 48, 26566, 0.4
14000, 48, 26566, 0.5
14000, 48, 26566, 0.6
14000, 49, 18931, 0.4
14000, 49, 18931, 0.5
14000, 49, 18931, 0.6
14000, 50, 6302, 0.4
14000, 50, 6302, 0.5
14000, 50, 6302, 0.6
