eCM, nPile, seed, R
7000, 2, 31935, 0.4
7000, 2, 31935, 0.5
7000, 2, 31935, 0.6
7000, 3, 12306, 0.4
7000, 3, 12306, 0.5
7000, 3, 12306, 0.6
7000, 4, 15668, 0.4
7000, 4, 15668, 0.5
7000, 4, 15668, 0.6
7000, 5, 25869, 0.4
7000, 5, 25869, 0.5
7000, 5, 25869, 0.6
7000, 6, 23504, 0.4
7000, 6, 23504, 0.5
7000, 6, 23504, 0.6
7000, 7, 27129, 0.4
7000, 7, 27129, 0.5
7000, 7, 27129, 0.6
7000, 8, 6687, 0.4
7000, 8, 6687, 0.5
7000, 8, 6687, 0.6
7000, 9, 15650, 0.4
7000, 9, 15650, 0.5
7000, 9, 15650, 0.6
7000, 10, 20385, 0.4
7000, 10, 20385, 0.5
7000, 10, 20385, 0.6
7000, 11, 8012, 0.4
7000, 11, 8012, 0.5
7000, 11, 8012, 0.6
7000, 12, 2943, 0.4
7000, 12, 2943, 0.5
7000, 12, 2943, 0.6
7000, 13, 31410, 0.4
7000, 13, 31410, 0.5
7000, 13, 31410, 0.6
7000, 14, 29548, 0.4
7000, 14, 29548, 0.5
7000, 14, 29548, 0.6
7000, 15, 31745, 0.4
7000, 15, 31745, 0.5
7000, 15, 31745, 0.6
7000, 16, 123, 0.4
7000, 16, 123, 0.5
7000, 16, 123, 0.6
7000, 17, 22687, 0.4
7000, 17, 22687, 0.5
7000, 17, 22687, 0.6
7000, 18, 29706, 0.4
7000, 18, 29706, 0.5
7000, 18, 29706, 0.6
7000, 19, 23757, 0.4
7000, 19, 23757, 0.5
7000, 19, 23757, 0.6
7000, 20, 21147, 0.4
7000, 20, 21147, 0.5
7000, 20, 21147, 0.6
7000, 21, 27214, 0.4
7000, 21, 27214, 0.5
7000, 21, 27214, 0.6
7000, 22, 24374, 0.4
7000, 22, 24374, 0.5
7000, 22, 24374, 0.6
7000, 23, 6901, 0.4
7000, 23, 6901, 0.5
7000, 23, 6901, 0.6
7000, 24, 31897, 0.4
7000, 24, 31897, 0.5
7000, 24, 31897, 0.6
7000, 25, 20345, 0.4
7000, 25, 20345, 0.5
7000, 25, 20345, 0.6
7000, 26, 23297, 0.4
7000, 26, 23297, 0.5
7000, 26, 23297, 0.6
7000, 27, 18036, 0.4
7000, 27, 18036, 0.5
7000, 27, 18036, 0.6
7000, 28, 4006, 0.4
7000, 28, 4006, 0.5
7000, 28, 4006, 0.6
7000, 29, 32339, 0.4
7000, 29, 32339, 0.5
7000, 29, 32339, 0.6
7000, 30, 19647, 0.4
7000, 30, 19647, 0.5
7000, 30, 19647, 0.6
7000, 31, 11864, 0.4
7000, 31, 11864, 0.5
7000, 31, 11864, 0.6
7000, 32, 21285, 0.4
7000, 32, 21285, 0.5
7000, 32, 21285, 0.6
7000, 33, 20923, 0.4
7000, 33, 20923, 0.5
7000, 33, 20923, 0.6
7000, 34, 28226, 0.4
7000, 34, 28226, 0.5
7000, 34, 28226, 0.6
7000, 35, 27696, 0.4
7000, 35, 27696, 0.5
7000, 35, 27696, 0.6
7000, 36, 6780, 0.4
7000, 36, 6780, 0.5
7000, 36, 6780, 0.6
7000, 37, 6955, 0.4
7000, 37, 6955, 0.5
7000, 37, 6955, 0.6
7000, 38, 31190, 0.4
7000, 38, 31190, 0.5
7000, 38, 31190, 0.6
7000, 39, 8863, 0.4
7000, 39, 8863, 0.5
7000, 39, 8863, 0.6
7000, 40, 21091, 0.4
7000, 40, 21091, 0.5
7000, 40, 21091, 0.6
7000, 41, 5083, 0.4
7000, 41, 5083, 0.5
7000, 41, 5083, 0.6
7000, 42, 17127, 0.4
7000, 42, 17127, 0.5
7000, 42, 17127, 0.6
7000, 43, 28455, 0.4
7000, 43, 28455, 0.5
7000, 43, 28455, 0.6
7000, 44, 3795, 0.4
7000, 44, 3795, 0.5
7000, 44, 3795, 0.6
7000, 45, 25074, 0.4
7000, 45, 25074, 0.5
7000, 45, 25074, 0.6
7000, 46, 9667, 0.4
7000, 46, 9667, 0.5
7000, 46, 9667, 0.6
7000, 47, 21760, 0.4
7000, 47, 21760, 0.5
7000, 47, 21760, 0.6
7000, 48, 4496, 0.4
7000, 48, 4496, 0.5
7000, 48, 4496, 0.6
7000, 49, 10395, 0.4
7000, 49, 10395, 0.5
7000, 49, 10395, 0.6
7000, 50, 7764, 0.4
7000, 50, 7764, 0.5
7000, 50, 7764, 0.6
14000, 2, 27615, 0.4
14000, 2, 27615, 0.5
14000, 2, 27615, 0.6
14000, 3, 20651, 0.4
14000, 3, 20651, 0.5
14000, 3, 20651, 0.6
14000, 4, 10271, 0.4
14000, 4, 10271, 0.5
14000, 4, 10271, 0.6
14000, 5, 18019, 0.4
14000, 5, 18019, 0.5
14000, 5, 18019, 0.6
14000, 6, 11627, 0.4
14000, 6, 11627, 0.5
14000, 6, 11627, 0.6
14000, 7, 27265, 0.4
14000, 7, 27265, 0.5
14000, 7, 27265, 0.6
14000, 8, 25632, 0.4
14000, 8, 25632, 0.5
14000, 8, 25632, 0.6
14000, 9, 7241, 0.4
14000, 9, 7241, 0.5
14000, 9, 7241, 0.6
14000, 10, 13566, 0.4
14000, 10, 13566, 0.5
14000, 10, 13566, 0.6
14000, 11, 11852, 0.4
14000, 11, 11852, 0.5
14000, 11, 11852, 0.6
14000, 12, 16595, 0.4
14000, 12, 16595, 0.5
14000, 12, 16595, 0.6
14000, 13, 2526, 0.4
14000, 13, 2526, 0.5
14000, 13, 2526, 0.6
14000, 14, 27612, 0.4
14000, 14, 27612, 0.5
14000, 14, 27612, 0.6
14000, 15, 31887, 0.4
14000, 15, 31887, 0.5
14000, 15, 31887, 0.6
14000, 16, 26790, 0.4
14000, 16, 26790, 0.5
14000, 16, 26790, 0.6
14000, 17, 7701, 0.4
14000, 17, 7701, 0.5
14000, 17, 7701, 0.6
14000, 18, 11875, 0.4
14000, 18, 11875, 0.5
14000, 18, 11875, 0.6
14000, 19, 815, 0.4
14000, 19, 815, 0.5
14000, 19, 815, 0.6
14000, 20, 18144, 0.4
14000, 20, 18144, 0.5
14000, 20, 18144, 0.6
14000, 21, 15217, 0.4
14000, 21, 15217, 0.5
14000, 21, 15217, 0.6
14000, 22, 12697, 0.4
14000, 22, 12697, 0.5
14000, 22, 12697, 0.6
14000, 23, 30595, 0.4
14000, 23, 30595, 0.5
14000, 23, 30595, 0.6
14000, 24, 32099, 0.4
14000, 24, 32099, 0.5
14000, 24, 32099, 0.6
14000, 25, 5971, 0.4
14000, 25, 5971, 0.5
14000, 25, 5971, 0.6
14000, 26, 26680, 0.4
14000, 26, 26680, 0.5
14000, 26, 26680, 0.6
14000, 27, 22295, 0.4
14000, 27, 22295, 0.5
14000, 27, 22295, 0.6
14000, 28, 28331, 0.4
14000, 28, 28331, 0.5
14000, 28, 28331, 0.6
14000, 29, 26314, 0.4
14000, 29, 26314, 0.5
14000, 29, 26314, 0.6
14000, 30, 30817, 0.4
14000, 30, 30817, 0.5
14000, 30, 30817, 0.6
14000, 31, 18540, 0.4
14000, 31, 18540, 0.5
14000, 31, 18540, 0.6
14000, 32, 20209, 0.4
14000, 32, 20209, 0.5
14000, 32, 20209, 0.6
14000, 33, 28464, 0.4
14000, 33, 28464, 0.5
14000, 33, 28464, 0.6
14000, 34, 28853, 0.4
14000, 34, 28853, 0.5
14000, 34, 28853, 0.6
14000, 35, 20589, 0.4
14000, 35, 20589, 0.5
14000, 35, 20589, 0.6
14000, 36, 19438, 0.4
14000, 36, 19438, 0.5
14000, 36, 19438, 0.6
14000, 37, 5165, 0.4
14000, 37, 5165, 0.5
14000, 37, 5165, 0.6
14000, 38, 16226, 0.4
14000, 38, 16226, 0.5
14000, 38, 16226, 0.6
14000, 39, 25057, 0.4
14000, 39, 25057, 0.5
14000, 39, 25057, 0.6
14000, 40, 7685, 0.4
14000, 40, 7685, 0.5
14000, 40, 7685, 0.6
14000, 41, 2513, 0.4
14000, 41, 2513, 0.5
14000, 41, 2513, 0.6
14000, 42, 22235, 0.4
14000, 42, 22235, 0.5
14000, 42, 22235, 0.6
14000, 43, 720, 0.4
14000, 43, 720, 0.5
14000, 43, 720, 0.6
14000, 44, 17438, 0.4
14000, 44, 17438, 0.5
14000, 44, 17438, 0.6
14000, 45, 20946, 0.4
14000, 45, 20946, 0.5
14000, 45, 20946, 0.6
14000, 46, 22597, 0.4
14000, 46, 22597, 0.5
14000, 46, 22597, 0.6
14000, 47, 14941, 0.4
14000, 47, 14941, 0.5
14000, 47, 14941, 0.6
14000, 48, 30530, 0.4
14000, 48, 30530, 0.5
14000, 48, 30530, 0.6
14000, 49, 17701, 0.4
14000, 49, 17701, 0.5
14000, 49, 17701, 0.6
14000, 50, 15154, 0.4
14000, 50, 15154, 0.5
14000, 50, 15154, 0.6
