eCM, nPile, seed, R
7000, 2, 9094, 0.4
7000, 2, 9094, 0.5
7000, 2, 9094, 0.6
7000, 3, 27175, 0.4
7000, 3, 27175, 0.5
7000, 3, 27175, 0.6
7000, 4, 1060, 0.4
7000, 4, 1060, 0.5
7000, 4, 1060, 0.6
7000, 5, 8812, 0.4
7000, 5, 8812, 0.5
7000, 5, 8812, 0.6
7000, 6, 5392, 0.4
7000, 6, 5392, 0.5
7000, 6, 5392, 0.6
7000, 7, 28091, 0.4
7000, 7, 28091, 0.5
7000, 7, 28091, 0.6
7000, 8, 22268, 0.4
7000, 8, 22268, 0.5
7000, 8, 22268, 0.6
7000, 9, 5331, 0.4
7000, 9, 5331, 0.5
7000, 9, 5331, 0.6
7000, 10, 19624, 0.4
7000, 10, 19624, 0.5
7000, 10, 19624, 0.6
7000, 11, 32436, 0.4
7000, 11, 32436, 0.5
7000, 11, 32436, 0.6
7000, 12, 11506, 0.4
7000, 12, 11506, 0.5
7000, 12, 11506, 0.6
7000, 13, 25200, 0.4
7000, 13, 25200, 0.5
7000, 13, 25200, 0.6
7000, 14, 22960, 0.4
7000, 14, 22960, 0.5
7000, 14, 22960, 0.6
7000, 15, 2727, 0.4
7000, 15, 2727, 0.5
7000, 15, 2727, 0.6
7000, 16, 12178, 0.4
7000, 16, 12178, 0.5
7000, 16, 12178, 0.6
7000, 17, 18423, 0.4
7000, 17, 18423, 0.5
7000, 17, 18423, 0.6
7000, 18, 25767, 0.4
7000, 18, 25767, 0.5
7000, 18, 25767, 0.6
7000, 19, 27362, 0.4
7000, 19, 27362, 0.5
7000, 19, 27362, 0.6
7000, 20, 25699, 0.4
7000, 20, 25699, 0.5
7000, 20, 25699, 0.6
7000, 21, 20526, 0.4
7000, 21, 20526, 0.5
7000, 21, 20526, 0.6
7000, 22, 12094, 0.4
7000, 22, 12094, 0.5
7000, 22, 12094, 0.6
7000, 23, 11880, 0.4
7000, 23, 11880, 0.5
7000, 23, 11880, 0.6
7000, 24, 25064, 0.4
7000, 24, 25064, 0.5
7000, 24, 25064, 0.6
7000, 25, 26273, 0.4
7000, 25, 26273, 0.5
7000, 25, 26273, 0.6
7000, 26, 4328, 0.4
7000, 26, 4328, 0.5
7000, 26, 4328, 0.6
7000, 27, 11142, 0.4
7000, 27, 11142, 0.5
7000, 27, 11142, 0.6
7000, 28, 6905, 0.4
7000, 28, 6905, 0.5
7000, 28, 6905, 0.6
7000, 29, 12181, 0.4
7000, 29, 12181, 0.5
7000, 29, 12181, 0.6
7000, 30, 14919, 0.4
7000, 30, 14919, 0.5
7000, 30, 14919, 0.6
7000, 31, 22043, 0.4
7000, 31, 22043, 0.5
7000, 31, 22043, 0.6
7000, 32, 22046, 0.4
7000, 32, 22046, 0.5
7000, 32, 22046, 0.6
7000, 33, 29910, 0.4
7000, 33, 29910, 0.5
7000, 33, 29910, 0.6
7000, 34, 16281, 0.4
7000, 34, 16281, 0.5
7000, 34, 16281, 0.6
7000, 35, 3044, 0.4
7000, 35, 3044, 0.5
7000, 35, 3044, 0.6
7000, 36, 23019, 0.4
7000, 36, 23019, 0.5
7000, 36, 23019, 0.6
7000, 37, 9111, 0.4
7000, 37, 9111, 0.5
7000, 37, 9111, 0.6
7000, 38, 24039, 0.4
7000, 38, 24039, 0.5
7000, 38, 24039, 0.6
7000, 39, 12731, 0.4
7000, 39, 12731, 0.5
7000, 39, 12731, 0.6
7000, 40, 11683, 0.4
7000, 40, 11683, 0.5
7000, 40, 11683, 0.6
7000, 41, 23609, 0.4
7000, 41, 23609, 0.5
7000, 41, 23609, 0.6
7000, 42, 19449, 0.4
7000, 42, 19449, 0.5
7000, 42, 19449, 0.6
7000, 43, 29350, 0.4
7000, 43, 29350, 0.5
7000, 43, 29350, 0.6
7000, 44, 6122, 0.4
7000, 44, 6122, 0.5
7000, 44, 6122, 0.6
7000, 45, 22097, 0.4
7000, 45, 22097, 0.5
7000, 45, 22097, 0.6
7000, 46, 6894, 0.4
7000, 46, 6894, 0.5
7000, 46, 6894, 0.6
7000, 47, 18512, 0.4
7000, 47, 18512, 0.5
7000, 47, 18512, 0.6
7000, 48, 6690, 0.4
7000, 48, 6690, 0.5
7000, 48, 6690, 0.6
7000, 49, 25240, 0.4
7000, 49, 25240, 0.5
7000, 49, 25240, 0.6
7000, 50, 14926, 0.4
7000, 50, 14926, 0.5
7000, 50, 14926, 0.6
14000, 2, 2109, 0.4
14000, 2, 2109, 0.5
14000, 2, 2109, 0.6
14000, 3, 13592, 0.4
14000, 3, 13592, 0.5
14000, 3, 13592, 0.6
14000, 4, 1888, 0.4
14000, 4, 1888, 0.5
14000, 4, 1888, 0.6
14000, 5, 31216, 0.4
14000, 5, 31216, 0.5
14000, 5, 31216, 0.6
14000, 6, 7667, 0.4
14000, 6, 7667, 0.5
14000, 6, 7667, 0.6
14000, 7, 23964, 0.4
14000, 7, 23964, 0.5
14000, 7, 23964, 0.6
14000, 8, 23629, 0.4
14000, 8, 23629, 0.5
14000, 8, 23629, 0.6
14000, 9, 8611, 0.4
14000, 9, 8611, 0.5
14000, 9, 8611, 0.6
14000, 10, 32642, 0.4
14000, 10, 32642, 0.5
14000, 10, 32642, 0.6
14000, 11, 19946, 0.4
14000, 11, 19946, 0.5
14000, 11, 19946, 0.6
14000, 12, 23422, 0.4
14000, 12, 23422, 0.5
14000, 12, 23422, 0.6
14000, 13, 31136, 0.4
14000, 13, 31136, 0.5
14000, 13, 31136, 0.6
14000, 14, 11860, 0.4
14000, 14, 11860, 0.5
14000, 14, 11860, 0.6
14000, 15, 16218, 0.4
14000, 15, 16218, 0.5
14000, 15, 16218, 0.6
14000, 16, 733, 0.4
14000, 16, 733, 0.5
14000, 16, 733, 0.6
14000, 17, 6717, 0.4
14000, 17, 6717, 0.5
14000, 17, 6717, 0.6
14000, 18, 17911, 0.4
14000, 18, 17911, 0.5
14000, 18, 17911, 0.6
14000, 19, 10516, 0.4
14000, 19, 10516, 0.5
14000, 19, 10516, 0.6
14000, 20, 10169, 0.4
14000, 20, 10169, 0.5
14000, 20, 10169, 0.6
14000, 21, 15562, 0.4
14000, 21, 15562, 0.5
14000, 21, 15562, 0.6
14000, 22, 14949, 0.4
14000, 22, 14949, 0.5
14000, 22, 14949, 0.6
14000, 23, 32261, 0.4
14000, 23, 32261, 0.5
14000, 23, 32261, 0.6
14000, 24, 10862, 0.4
14000, 24, 10862, 0.5
14000, 24, 10862, 0.6
14000, 25, 20766, 0.4
14000, 25, 20766, 0.5
14000, 25, 20766, 0.6
14000, 26, 16459, 0.4
14000, 26, 16459, 0.5
14000, 26, 16459, 0.6
14000, 27, 22744, 0.4
14000, 27, 22744, 0.5
14000, 27, 22744, 0.6
14000, 28, 32572, 0.4
14000, 28, 32572, 0.5
14000, 28, 32572, 0.6
14000, 29, 6552, 0.4
14000, 29, 6552, 0.5
14000, 29, 6552, 0.6
14000, 30, 4634, 0.4
14000, 30, 4634, 0.5
14000, 30, 4634, 0.6
14000, 31, 12106, 0.4
14000, 31, 12106, 0.5
14000, 31, 12106, 0.6
14000, 32, 32479, 0.4
14000, 32, 32479, 0.5
14000, 32, 32479, 0.6
14000, 33, 4635, 0.4
14000, 33, 4635, 0.5
14000, 33, 4635, 0.6
14000, 34, 1346, 0.4
14000, 34, 1346, 0.5
14000, 34, 1346, 0.6
14000, 35, 29703, 0.4
14000, 35, 29703, 0.5
14000, 35, 29703, 0.6
14000, 36, 13507, 0.4
14000, 36, 13507, 0.5
14000, 36, 13507, 0.6
14000, 37, 3347, 0.4
14000, 37, 3347, 0.5
14000, 37, 3347, 0.6
14000, 38, 10713, 0.4
14000, 38, 10713, 0.5
14000, 38, 10713, 0.6
14000, 39, 12936, 0.4
14000, 39, 12936, 0.5
14000, 39, 12936, 0.6
14000, 40, 7730, 0.4
14000, 40, 7730, 0.5
14000, 40, 7730, 0.6
14000, 41, 3363, 0.4
14000, 41, 3363, 0.5
14000, 41, 3363, 0.6
14000, 42, 7072, 0.4
14000, 42, 7072, 0.5
14000, 42, 7072, 0.6
14000, 43, 29713, 0.4
14000, 43, 29713, 0.5
14000, 43, 29713, 0.6
14000, 44, 10925, 0.4
14000, 44, 10925, 0.5
14000, 44, 10925, 0.6
14000, 45, 30533, 0.4
14000, 45, 30533, 0.5
14000, 45, 30533, 0.6
14000, 46, 6486, 0.4
14000, 46, 6486, 0.5
14000, 46, 6486, 0.6
14000, 47, 4557, 0.4
14000, 47, 4557, 0.5
14000, 47, 4557, 0.6
14000, 48, 24314, 0.4
14000, 48, 24314, 0.5
14000, 48, 24314, 0.6
14000, 49, 13763, 0.4
14000, 49, 13763, 0.5
14000, 49, 13763, 0.6
14000, 50, 26983, 0.4
14000, 50, 26983, 0.5
14000, 50, 26983, 0.6
